0.0538326 9.9991E-05 0.0223964 0.00480856 0.551623 0.0265921 0.312171 0.0284763
0.0786304 9.9973E-05 0.0188637 9.9973E-05 0.770629 9.9973E-05 0.0962161 0.0353613
0.195094 9.9982E-05 0.0177059 0.0320826 0.684555 9.9982E-05 0.065835 0.00452754
0.00434732 0.245265 0.0417198 0.0280139 0.490594 0.154443 0.0260465 0.00957076
0.0818507 0.143001 0.0280575 0.0236843 0.489105 9.9991E-05 0.195322 0.0388796
0.0314478 0.00308101 0.042103 9.9973E-05 0.786738 9.9973E-05 0.13633 9.9973E-05
9.9982E-05 0.109529 0.00788197 0.00160685 0.699456 9.9982E-05 0.167431 0.013894
0.570784 0.0187209 0.0170067 9.9982E-05 0.047589 9.9982E-05 0.332379 0.0133206
0.388069 0.168782 0.00434281 0.00176731 9.9991E-05 0.018948 0.416025 0.00196613
0.655224 9.9964E-05 9.9964E-05 0.00588635 9.9964E-05 9.9964E-05 0.0825944 0.255895
0.598375 0.0368364 0.000948837 9.9982E-05 0.00106473 9.9982E-05 0.334723 0.0278518
0.607823 0.0111023 0.00525675 0.0174533 0.0477497 9.9991E-05 0.216728 0.0937869
0.61925 0.0836569 9.9955E-05 9.9955E-05 9.9955E-05 9.9955E-05 0.296594 9.9955E-05
0.658436 9.99549E-05 9.99549E-05 9.99549E-05 9.99549E-05 9.99549E-05 0.192218 0.148847
0.437445 9.99721E-05 9.99721E-05 9.99721E-05 0.0129728 9.99721E-05 0.484759 0.0644233
0.22668 0.0216666 9.99751E-05 9.99751E-05 0.0571827 0.0251914 0.668979 9.99751E-05
0.279678 9.99549E-05 9.99549E-05 9.99549E-05 9.99549E-05 9.99549E-05 0.403366 0.316457
0.406997 0.0444322 0.0108907 9.9982E-05 0.0851435 9.9982E-05 0.380388 0.0719484
0.356202 9.9955E-05 9.9955E-05 9.9955E-05 9.9955E-05 9.9955E-05 0.43516 0.208138
0.146217 0.0288501 0.00255499 9.9991E-05 0.127514 0.0504153 0.638957 0.00539088
0.197417 0.0029521 9.9973E-05 9.9973E-05 0.0345028 9.9973E-05 0.657096 0.107732
0.18726 9.9991E-05 0.00142017 0.00745638 0.0590308 0.0152403 0.69409 0.0354029
0.260529 0.0240939 9.9964E-05 9.9964E-05 9.9964E-05 9.9964E-05 0.612941 0.102036
0.0735124 0.0645029 0.00335831 0.012549 9.9982E-05 9.9982E-05 0.788096 0.0577815
9.9946E-05 9.9946E-05 9.9946E-05 0.0472818 9.9946E-05 9.9946E-05 0.952119 9.9946E-05
0.0249733 9.9964E-05 9.9964E-05 9.9964E-05 9.9964E-05 0.0158591 0.90557 0.0531977
0.290336 0.069312 9.9964E-05 9.9964E-05 9.9964E-05 9.9964E-05 0.544264 0.0956883
0.145487 9.99549E-05 9.99549E-05 9.99549E-05 9.99549E-05 9.99549E-05 0.559807 0.294206
0.191932 0.00286689 0.00957027 0.0130111 0.189339 0.00357846 0.578829 0.0108726
9.9964E-05 0.607072 0.0297865 9.9964E-05 0.225687 9.9964E-05 0.137055 9.9964E-05
0.0904734 0.681478 0.0323615 9.9973E-05 0.192915 9.9973E-05 0.00247159 9.9973E-05
0.0702237 0.640954 0.0268744 9.9982E-05 0.121931 9.9982E-05 0.108963 0.0308539
9.99845E-05 0.160402 0.0405822 0.00575576 0.013171 0.0569664 0.722923 9.99845E-05
0.0502499 0.221229 0.0233981 9.9982E-05 0.515025 9.9982E-05 0.17716 0.0127381
9.9964E-05 0.0641631 9.9964E-05 9.9964E-05 0.0529181 9.9964E-05 0.637891 0.244628
0.0961591 0.0347189 0.00834579 9.9982E-05 0.0963156 0.0767154 0.687545 9.9982E-05
9.994E-05 9.994E-05 9.994E-05 0.9993 9.994E-05 9.994E-05 9.994E-05 9.994E-05
0.174973 9.9982E-05 0.00743084 0.0288062 0.0203937 0.0201024 0.748094 9.9982E-05
0.322957 0.00107312 9.9991E-05 0.00121114 0.0841398 0.0474836 0.530477 0.0125585
0.00263088 0.114694 0.0149778 0.0158554 0.0267585 0.0364855 0.788498 9.9991E-05
0.0954464 0.133529 0.0075189 0.00660779 0.071437 0.0981443 0.587216 9.9991E-05
0.0969911 0.409893 0.0423124 0.00296602 0.439699 9.9991E-05 0.00101358 0.00702456
0.0108777 0.390274 0.0273468 9.9973E-05 0.378277 9.9973E-05 0.192925 9.9973E-05
0.884828 0.0660842 9.9964E-05 9.9964E-05 0.0270059 9.9964E-05 0.0216818 9.9964E-05
0.95204 9.9973E-05 0.0105691 0.00108677 0.0286631 9.9973E-05 0.00734114 9.9973E-05
0.908122 9.9973E-05 0.0156779 0.0166974 9.9973E-05 0.00932851 9.9973E-05 0.0498739
0.478835 9.9964E-05 0.0155579 9.9964E-05 9.9964E-05 0.00883821 0.496369 9.9964E-05
0.743918 0.12377 9.9964E-05 9.9964E-05 9.9964E-05 0.0145885 0.117324 9.9964E-05
0.503196 0.00704332 0.00418289 9.9973E-05 9.9973E-05 0.0111571 0.47412 9.9973E-05
0.777161 0.0410046 0.00173375 9.9973E-05 9.9973E-05 9.9973E-05 0.141574 0.0382273
0.919855 9.9964E-05 9.9964E-05 0.000533864 0.0119065 9.9964E-05 9.9964E-05 0.0673053
0.728311 0.0325772 0.0151062 9.9973E-05 0.058154 9.9973E-05 0.165551 9.9973E-05
0.933607 9.9955E-05 0.00157752 9.9955E-05 0.0643155 9.9955E-05 9.9955E-05 9.9955E-05
0.932844 0.00910576 9.9955E-05 9.9955E-05 9.9955E-05 9.9955E-05 9.9955E-05 0.0575502
9.99549E-05 9.99549E-05 0.0312939 9.99549E-05 0.419971 0.548235 9.99549E-05 9.99549E-05
9.9973E-05 9.9973E-05 0.0330681 0.00774598 0.209891 0.718828 0.0301673 9.9973E-05
9.9964E-05 0.0110332 0.0336335 9.9964E-05 0.450787 0.504147 9.9964E-05 9.9964E-05
9.9955E-05 9.9955E-05 0.039736 9.9955E-05 0.805146 0.154618 9.9955E-05 9.9955E-05
9.9973E-05 9.9973E-05 0.0425386 0.0112582 0.707305 0.209514 0.0290846 9.9973E-05
0.0208798 9.9982E-05 0.0105733 0.00469545 9.9982E-05 0.88901 0.0460861 0.0285558
9.9964E-05 0.157719 0.0645067 9.9964E-05 0.583218 0.194157 9.9964E-05 9.9964E-05
9.9955E-05 9.9955E-05 9.9955E-05 0.0310183 0.844872 0.12361 9.9955E-05 9.9955E-05
0.139282 0.407167 0.0298909 0.00488891 0.15057 0.00654571 0.15708 0.104575
9.9955E-05 9.9955E-05 0.0454608 9.9955E-05 0.479295 0.474745 9.9955E-05 9.9955E-05
0.00304327 0.446201 0.0198393 9.9973E-05 0.411035 9.9973E-05 0.119581 9.9973E-05
0.0342036 0.338621 0.0231465 0.000885473 0.584995 0.0158704 0.00160211 0.000676343
9.9982E-05 0.280834 0.00714996 9.9982E-05 0.576962 0.0914528 0.0299365 0.0134652
9.9982E-05 0.849478 0.0499405 0.00269424 9.9982E-05 0.0711459 0.00279726 0.0237436
9.9982E-05 0.517733 0.0223951 0.00537537 0.33728 0.0536276 0.063389 9.9982E-05
9.9964E-05 0.134409 0.0309152 9.9964E-05 0.54884 0.285435 9.9964E-05 9.9964E-05
0.00640359 0.766858 0.0249164 9.9973E-05 9.9973E-05 0.176562 0.0249601 9.9973E-05
9.9955E-05 9.9955E-05 0.0586489 9.9955E-05 0.576898 0.363954 9.9955E-05 9.9955E-05
9.9955E-05 0.540195 0.049315 9.9955E-05 9.9955E-05 0.40999 9.9955E-05 9.9955E-05
9.9973E-05 0.765637 0.0166973 0.0147538 9.9973E-05 0.148881 0.0537303 9.9973E-05
9.9964E-05 0.167119 0.0312591 9.9964E-05 0.330827 0.470394 9.9964E-05 9.9964E-05
9.99549E-05 0.390404 0.0740914 9.99549E-05 9.99549E-05 0.535004 9.99549E-05 9.99549E-05
9.9964E-05 0.434216 0.0293118 9.9964E-05 0.357448 9.9964E-05 0.178624 9.9964E-05
9.9964E-05 0.14715 0.0191797 9.9964E-05 0.774207 0.0590629 9.9964E-05 9.9964E-05
9.9973E-05 0.108369 0.025668 0.0154398 0.488407 0.361816 9.9973E-05 9.9973E-05
0.0381194 0.00885397 0.004819 0.0102153 0.835622 0.10217 9.9982E-05 9.9982E-05
9.9973E-05 0.127859 0.0115393 0.0167965 0.778865 0.0646396 9.9973E-05 9.9973E-05
9.9973E-05 0.415861 0.0257693 0.00324031 0.385066 9.9973E-05 0.169764 9.9973E-05
9.9964E-05 9.9964E-05 0.0128523 0.00764231 0.90055 0.078555 9.9964E-05 9.9964E-05
9.9973E-05 0.274568 0.0222959 0.0165791 0.636425 0.0498321 9.9973E-05 9.9973E-05
9.9955E-05 9.9955E-05 9.9955E-05 9.9955E-05 0.925093 0.041744 0.0326634 9.9955E-05
0.388785 9.99459E-05 9.99459E-05 9.99459E-05 9.99459E-05 9.99459E-05 9.99459E-05 0.610615
0.500319 9.99459E-05 9.99459E-05 9.99459E-05 9.99459E-05 9.99459E-05 9.99459E-05 0.499082
0.424527 9.99459E-05 9.99459E-05 9.99459E-05 9.99459E-05 9.99459E-05 9.99459E-05 0.574873
0.466902 9.99459E-05 9.99459E-05 9.99459E-05 9.99459E-05 9.99459E-05 9.99459E-05 0.532498
0.48038 0.00380415 9.99639E-05 9.99639E-05 9.99639E-05 9.99639E-05 0.183006 0.33241
0.584286 9.99459E-05 9.99459E-05 9.99459E-05 9.99459E-05 9.99459E-05 9.99459E-05 0.415115
0.967573 9.99459E-05 9.99459E-05 9.99459E-05 9.99459E-05 9.99459E-05 9.99459E-05 0.0318269
9.9964E-05 0.347599 0.0440989 9.9964E-05 0.376394 0.231508 9.9964E-05 9.9964E-05
9.9955E-05 0.349759 0.0206782 9.9955E-05 9.9955E-05 0.629063 9.9955E-05 9.9955E-05
9.9964E-05 0.71803 0.0446679 0.0139708 9.9964E-05 0.222932 9.9964E-05 9.9964E-05
9.9964E-05 0.841965 0.0475335 0.000842649 9.9964E-05 0.109259 9.9964E-05 9.9964E-05
9.9955E-05 0.748677 0.0471477 9.9955E-05 9.9955E-05 0.203675 9.9955E-05 9.9955E-05
0.0486648 0.778711 0.0280154 9.9982E-05 0.117546 9.9982E-05 0.0263714 0.00049215
9.9955E-05 0.752911 0.0688796 9.9955E-05 9.9955E-05 0.17771 9.9955E-05 9.9955E-05
0.029954 0.365836 0.0173965 9.9973E-05 0.53972 9.9973E-05 0.0467942 9.9973E-05
9.9964E-05 0.573779 0.01645 0.00953916 9.9964E-05 0.399832 9.9964E-05 9.9964E-05
9.9973E-05 0.666073 0.0815675 9.9973E-05 0.0282052 0.21745 0.00640477 9.9973E-05
0.21813 0.0182627 9.99639E-05 9.99639E-05 9.99639E-05 9.99639E-05 0.0467087 0.716499
0.0109851 9.9955E-05 9.9955E-05 9.9955E-05 9.9955E-05 9.9955E-05 0.674708 0.313807
0.358858 9.9955E-05 9.9955E-05 9.9955E-05 9.9955E-05 9.9955E-05 0.474814 0.165829
0.263264 9.9982E-05 9.9982E-05 0.00781273 0.0205827 0.00471517 0.545187 0.158238
9.9973E-05 9.9973E-05 0.0064353 0.00146701 9.9973E-05 0.0139318 0.677412 0.300454
9.9946E-05 9.9946E-05 9.9946E-05 9.9946E-05 9.9946E-05 9.9946E-05 0.72303 0.276371
9.9946E-05 9.9946E-05 9.9946E-05 9.9946E-05 9.9946E-05 0.0248508 9.9946E-05 0.97455
9.9982E-05 0.593599 0.0442694 0.0110481 9.9982E-05 0.290003 0.0398683 0.0210116
0.00785048 0.0119549 0.0134658 9.9982E-05 9.9982E-05 0.00393446 0.765028 0.197566
0.208791 9.99549E-05 9.99549E-05 0.211758 9.99549E-05 9.99549E-05 0.578952 9.99549E-05
0.0403567 9.9964E-05 9.9964E-05 0.00379033 9.9964E-05 9.9964E-05 0.436135 0.519318
9.9955E-05 9.9955E-05 9.9955E-05 9.9955E-05 0.03044 9.9955E-05 0.482758 0.486303
9.9973E-05 9.9973E-05 0.0024724 0.0252624 0.0481333 9.9973E-05 0.653822 0.270009
9.9964E-05 9.9964E-05 9.9964E-05 0.00428055 0.0478619 9.9964E-05 0.00949847 0.937959
9.9973E-05 9.9973E-05 0.012167 0.0327037 9.9973E-05 0.00336238 0.0489486 0.902518
9.9955E-05 9.9955E-05 9.9955E-05 0.0145429 9.9955E-05 9.9955E-05 0.758913 0.226044
0.0893765 9.9964E-05 9.9964E-05 0.0206551 9.9964E-05 9.9964E-05 0.424385 0.465184
0.0292667 0.0128323 0.00460862 9.9964E-05 9.9964E-05 9.9964E-05 9.9964E-05 0.952893
0.369432 9.99549E-05 9.99549E-05 9.99549E-05 9.99549E-05 9.99549E-05 0.23359 0.396478
9.99459E-05 9.99459E-05 9.99459E-05 0.0135617 9.99459E-05 9.99459E-05 9.99459E-05 0.985839
0.531973 9.9955E-05 9.9955E-05 9.9955E-05 9.9955E-05 9.9955E-05 0.0543259 0.413202
0.212821 9.99459E-05 9.99459E-05 9.99459E-05 9.99459E-05 9.99459E-05 9.99459E-05 0.786579
0.485038 9.9955E-05 9.9955E-05 9.9955E-05 9.9955E-05 9.9955E-05 0.392275 0.122188
0.522969 0.101294 0.00462539 9.9982E-05 9.9982E-05 0.0157363 0.327232 0.0279428
9.99458E-05 9.99458E-05 9.99458E-05 0.744754 9.99458E-05 9.99458E-05 9.99458E-05 0.254647
9.9964E-05 9.9964E-05 0.00266588 0.027216 9.9964E-05 9.9964E-05 0.158501 0.811217
9.9964E-05 9.9964E-05 0.0169552 0.107138 9.9964E-05 0.0552752 9.9964E-05 0.820232
9.9964E-05 9.9964E-05 9.9964E-05 0.0724015 0.793917 9.9964E-05 0.0467491 0.0865328
9.9955E-05 9.9955E-05 9.9955E-05 0.0203901 9.9955E-05 0.0637168 9.9955E-05 0.915393
9.9964E-05 9.9964E-05 0.0169301 0.111441 0.304997 9.9964E-05 0.566231 9.9964E-05
9.9991E-05 0.00495831 0.00958208 0.0519814 0.159016 0.0264798 0.71164 0.0362425
0.482881 0.00595605 9.9964E-05 9.9964E-05 9.9964E-05 9.9964E-05 0.412468 0.0982955
9.9982E-05 9.9982E-05 0.00485206 0.0225013 0.08339 0.0177103 0.516084 0.355262
0.157559 0.0156953 9.9982E-05 0.00250147 9.9982E-05 0.0226465 0.771555 0.029843
9.9946E-05 9.9946E-05 9.9946E-05 9.9946E-05 9.9946E-05 9.9946E-05 0.559145 0.440256
9.9982E-05 9.9982E-05 0.00261524 0.14916 0.215817 0.0471421 0.25609 0.328976
0.0078407 9.9973E-05 0.028602 0.00111303 0.880947 0.081197 9.9973E-05 9.9973E-05
9.9982E-05 0.0139801 0.00894279 0.0282612 9.9982E-05 0.0170316 0.802148 0.129436
0.135614 9.9973E-05 9.9973E-05 0.0574681 0.00199418 9.9973E-05 0.577674 0.22695
9.9964E-05 0.735437 0.0355246 9.9964E-05 0.00363999 0.224999 9.9964E-05 9.9964E-05
9.9946E-05 0.650077 9.9946E-05 9.9946E-05 9.9946E-05 0.349324 9.9946E-05 9.9946E-05
0.0314985 0.747417 0.0178921 9.9982E-05 0.125058 0.0704599 9.9982E-05 0.00747464
9.9964E-05 0.616997 0.0170901 9.9964E-05 0.253915 9.9964E-05 0.111598 9.9964E-05
9.9955E-05 0.603378 0.0460756 9.9955E-05 9.9955E-05 0.350046 9.9955E-05 9.9955E-05
0.0677081 0.519664 0.0211217 9.9982E-05 0.309422 9.9982E-05 0.0815934 0.000290914
9.9973E-05 0.523213 0.0110498 9.9973E-05 0.337891 0.0679935 0.059552 9.9973E-05
9.9955E-05 0.801219 0.0185187 9.9955E-05 9.9955E-05 0.179763 9.9955E-05 9.9955E-05
9.9964E-05 0.871121 0.0464352 0.00122454 9.9964E-05 0.080819 9.9964E-05 9.9964E-05
0.0602083 0.878656 0.0270991 9.9973E-05 9.9973E-05 9.9973E-05 0.00837246 0.0253647
0.0482123 0.235617 0.0264344 0.00024575 0.662776 9.9991E-05 0.0191853 0.00742919
0.0107711 0.860742 0.0449504 0.00405521 9.9982E-05 0.00664471 0.0726365 9.9982E-05
0.022474 0.436022 9.9973E-05 0.00542868 0.403335 0.132441 9.9973E-05 9.9973E-05
0.0815902 0.886738 0.0311724 9.9955E-05 9.9955E-05 9.9955E-05 9.9955E-05 9.9955E-05
9.9964E-05 0.638477 0.0292272 9.9964E-05 0.119017 9.9964E-05 0.212878 9.9964E-05
9.994E-05 9.994E-05 9.994E-05 9.994E-05 9.994E-05 0.9993 9.994E-05 9.994E-05
9.9982E-05 0.1522 0.00979228 9.9982E-05 0.00711639 0.782391 0.0402247 0.00807572
9.99549E-05 0.00612219 0.00468466 9.99549E-05 9.99549E-05 0.988693 9.99549E-05 9.99549E-05
0.00116169 0.798485 0.035645 9.9973E-05 9.9973E-05 0.157782 9.9973E-05 0.00662593
9.9964E-05 0.442033 0.0175504 9.9964E-05 0.0210989 0.518918 9.9964E-05 9.9964E-05
0.00114154 9.9973E-05 0.02 0.00815216 0.390428 0.579979 9.9973E-05 9.9973E-05
9.9955E-05 0.58804 0.0326255 9.9955E-05 9.9955E-05 0.378834 9.9955E-05 9.9955E-05
9.9982E-05 0.850275 0.0280609 0.00911927 0.0189889 0.0360772 0.0572789 9.9982E-05
0.129998 0.401123 0.0278389 9.9973E-05 0.423352 9.9973E-05 0.0173883 9.9973E-05
0.169897 0.279762 0.024974 9.9982E-05 0.393831 9.9982E-05 0.072636 0.0587005
0.061817 0.717804 0.0187716 9.9982E-05 0.0101882 9.9982E-05 0.155827 0.0353918
9.994E-05 9.994E-05 9.994E-05 9.994E-05 9.994E-05 0.9993 9.994E-05 9.994E-05
0.101977 0.473752 0.00477613 9.9973E-05 0.322044 9.9973E-05 0.0971507 9.9973E-05
0.0441981 0.115891 0.00626507 0.00205149 0.177429 0.0661151 0.58795 9.9991E-05
0.072338 9.9964E-05 9.9964E-05 9.9964E-05 0.180805 9.9964E-05 0.633864 0.112593
0.0194548 0.0426353 0.00840977 9.9982E-05 0.0519708 0.0435348 0.833795 9.9982E-05
0.041545 0.568396 0.0253213 0.00443687 0.0787463 9.9991E-05 0.243543 0.0379115
9.9964E-05 0.352566 0.0176415 9.9964E-05 0.544235 9.9964E-05 0.0851578 9.9964E-05
0.0668175 0.35952 0.00765645 9.9973E-05 0.510785 9.9973E-05 0.0549218 9.9973E-05
0.0361358 0.352176 0.0138675 9.9973E-05 0.530266 9.9973E-05 0.0672554 9.9973E-05
9.9964E-05 0.612472 0.0318058 9.9964E-05 0.223844 9.9964E-05 0.131478 9.9964E-05
9.9964E-05 0.405828 0.0164836 9.9964E-05 0.504081 9.9964E-05 0.0732071 9.9964E-05
0.188624 9.9964E-05 9.9964E-05 9.9964E-05 0.0329953 9.9964E-05 0.761152 0.0168292
9.99459E-05 9.99459E-05 9.99459E-05 9.99459E-05 9.99459E-05 9.99459E-05 0.660334 0.339066
0.119329 9.99549E-05 9.99549E-05 9.99549E-05 9.99549E-05 9.99549E-05 0.53294 0.347232
0.187427 0.00274734 9.9964E-05 9.9964E-05 9.9964E-05 9.9964E-05 0.714323 0.0951031
0.241559 0.00421829 0.000267718 0.00382612 0.00562582 0.00677325 0.647153 0.0905771
0.0882695 9.9955E-05 9.9955E-05 9.9955E-05 9.9955E-05 9.9955E-05 0.687107 0.224123
0.0760892 9.9964E-05 9.9964E-05 9.9964E-05 9.9964E-05 0.00697261 0.842942 0.0735965
0.146884 9.99549E-05 9.99549E-05 9.99549E-05 9.99549E-05 9.99549E-05 0.582367 0.27025
9.9946E-05 9.9946E-05 9.9946E-05 9.9946E-05 9.9946E-05 9.9946E-05 0.404934 0.594466
0.212146 9.9955E-05 9.9955E-05 9.9955E-05 9.9955E-05 9.9955E-05 0.613741 0.173614
0.224166 9.9955E-05 9.9955E-05 9.9955E-05 9.9955E-05 9.9955E-05 0.747485 0.0278494
0.224631 9.9982E-05 0.00410837 0.00386305 9.9982E-05 0.00893454 0.728018 0.030245
9.9973E-05 0.45715 0.0169311 9.9973E-05 0.385586 0.073959 0.066074 9.9973E-05
9.9973E-05 0.614767 0.0518362 0.0126556 0.073281 0.24716 9.9973E-05 9.9973E-05
0.00283609 0.60943 0.0176112 9.9982E-05 0.284897 9.9982E-05 0.0816132 0.00341206
9.994E-05 9.994E-05 0.9993 9.994E-05 9.994E-05 9.994E-05 9.994E-05 9.994E-05
9.9982E-05 0.606517 0.0756837 9.9982E-05 0.260028 0.0273638 0.0135324 0.0166756
0.0219482 0.174505 0.575197 9.99729E-05 0.089012 9.99729E-05 0.139038 9.99729E-05
9.9973E-05 9.9973E-05 0.0792474 0.0527351 0.432007 0.410856 9.9973E-05 0.0248541
9.9964E-05 0.175179 0.094831 9.9964E-05 0.350897 0.378694 9.9964E-05 9.9964E-05
9.994E-05 9.994E-05 0.9993 9.994E-05 9.994E-05 9.994E-05 9.994E-05 9.994E-05
9.9982E-05 0.540369 0.126887 0.113764 0.00376757 0.195737 9.9982E-05 0.0192755
0.00313599 0.787168 0.0623665 9.9991E-05 0.0903866 0.0329873 0.008665 0.0151905
9.9973E-05 0.326535 0.128332 0.00966341 0.471635 0.0635356 9.9973E-05 9.9973E-05
