0.0603664 0.503426 0.0139036 0.0452335 0.288727 0.0395698 0.0356661 0.0131079
0.0411584 0.777624 0.0388632 9.9982E-05 0.0755213 9.9982E-05 0.0537783 0.0128544
0.168549 0.556669 0.139959 0.0299777 0.0632573 9.9991E-05 0.0368074 0.00468076
0.00389627 0.569172 9.9991E-05 0.196676 0.00625253 0.172153 0.0214289 0.0303216
0.135088 0.639975 0.0429149 0.0254716 0.0700404 9.9991E-05 0.0723036 0.0141067
9.9982E-05 0.74286 0.066369 0.0379536 0.136892 9.9982E-05 0.00533301 0.0103932
9.9982E-05 0.781318 0.0507451 9.9982E-05 0.0986714 0.0253636 0.038156 0.00554577
0.643467 0.108958 9.9973E-05 9.9973E-05 0.23512 9.9973E-05 0.0111069 0.00104883
0.504356 0.173289 9.9982E-05 0.012687 0.267305 0.0369572 9.9982E-05 0.00520579
0.714679 9.9955E-05 9.9955E-05 9.9955E-05 0.081177 9.9955E-05 0.203644 9.9955E-05
0.639033 0.0427392 0.0114758 9.9973E-05 0.299668 9.9973E-05 0.00678428 9.9973E-05
0.661431 0.0435083 0.0135208 0.0165181 0.173089 0.0150557 0.0745746 0.00230266
0.615625 0.047064 9.9964E-05 9.9964E-05 0.280465 0.0564461 9.9964E-05 9.9964E-05
0.709156 9.9955E-05 9.9955E-05 9.9955E-05 0.183688 9.9955E-05 0.106656 9.9955E-05
0.484317 9.9964E-05 9.9964E-05 0.0147431 0.482013 9.9964E-05 0.0185266 9.9964E-05
0.286406 0.0973797 9.9964E-05 0.0289066 0.586907 9.9964E-05 9.9964E-05 9.9964E-05
0.356627 9.99549E-05 9.99549E-05 9.99549E-05 0.421084 9.99549E-05 0.221789 9.99549E-05
0.441723 0.125411 9.9982E-05 0.0101834 0.376638 0.0100721 0.0357724 9.9982E-05
0.428152 9.9955E-05 9.9955E-05 9.9955E-05 0.426072 9.9955E-05 0.145277 9.9955E-05
0.171996 0.107276 0.0143517 0.0399171 0.618064 0.0441729 9.9991E-05 0.00412303
0.250257 9.9973E-05 9.9973E-05 0.0191766 0.683846 0.00903452 0.0373864 9.9973E-05
0.27914 0.0222474 9.9973E-05 0.0406229 0.640589 0.0171013 9.9973E-05 9.9973E-05
0.338851 0.0109016 0.019545 9.9982E-05 0.563133 0.000674896 0.0666944 9.9982E-05
0.0850167 0.00244074 0.0132265 9.9982E-05 0.826961 0.0470582 0.0250964 9.9982E-05
0.0379909 9.9964E-05 9.9964E-05 0.0300051 0.915503 9.9964E-05 0.016101 9.9964E-05
0.0954505 9.9973E-05 9.9973E-05 0.00670803 0.886693 0.00725088 0.00359787 9.9973E-05
0.365877 9.9973E-05 9.9973E-05 9.9973E-05 0.52147 0.0638911 0.0378285 0.0106333
0.239 9.99549E-05 9.99549E-05 9.99549E-05 0.565368 9.99549E-05 0.195132 9.99549E-05
0.229939 0.157087 0.0071085 0.031631 0.55154 0.0215703 9.9991E-05 0.00102443
9.9973E-05 0.706293 0.0390829 9.9973E-05 0.0943841 0.140009 9.9973E-05 0.0199306
0.0397255 0.620859 0.0754943 9.9991E-05 0.0420396 0.219585 0.00131727 0.000879776
0.0776864 0.575595 0.063717 9.9991E-05 0.086521 0.165255 0.021812 0.00931358
0.122468 0.108619 0.0249308 9.9982E-05 0.582092 0.127159 9.9982E-05 0.0345302
0.0880752 0.63563 0.0623318 9.9991E-05 0.10107 0.072963 0.0239126 0.0159177
9.9982E-05 0.0357426 0.00362031 9.9982E-05 0.812201 0.0342214 0.110257 0.00375851
0.200584 0.116526 9.9973E-05 0.0558508 0.564901 0.0618377 9.9973E-05 9.9973E-05
9.9946E-05 9.9946E-05 9.9946E-05 0.60381 9.9946E-05 9.9946E-05 0.39559 9.9946E-05
0.241253 0.0196161 9.9982E-05 0.0382402 0.685753 9.9982E-05 0.00471456 0.0102234
0.376934 0.090787 9.9964E-05 0.0719203 0.459958 9.9964E-05 9.9964E-05 9.9964E-05
0.0561906 0.111126 0.0231244 0.0215437 0.714147 0.0644278 9.9991E-05 0.00934032
0.163566 0.123915 0.0188002 0.0397454 0.495839 0.151381 9.9991E-05 0.00665412
0.0373083 0.810076 9.9982E-05 0.0864712 0.0116571 9.9982E-05 0.0173794 0.0369083
0.0218861 0.63907 0.102834 9.9991E-05 0.139897 0.082382 0.00596568 0.00786506
0.873538 0.0846641 0.0412986 9.9955E-05 9.9955E-05 9.9955E-05 9.9955E-05 9.9955E-05
0.944539 0.0310947 0.000683375 0.0192364 9.9973E-05 9.9973E-05 9.9973E-05 0.00414705
0.894455 9.9973E-05 0.0367496 0.00336608 9.9973E-05 9.9973E-05 0.0542114 0.010918
0.547503 9.9973E-05 0.0285537 9.9973E-05 0.401407 0.0181044 9.9973E-05 0.00413205
0.70108 0.0306007 0.00510624 9.9982E-05 0.152352 0.100845 9.9982E-05 0.00981624
0.565975 0.00813019 0.0298581 9.9973E-05 0.387493 9.9973E-05 9.9973E-05 0.00824348
0.828996 0.0332533 9.9973E-05 9.9973E-05 0.0835332 0.0280885 0.0258292 9.9973E-05
0.95138 9.9955E-05 9.9955E-05 0.0136497 9.9955E-05 9.9955E-05 0.0344708 9.9955E-05
0.69999 0.0645659 0.0243192 9.9973E-05 0.180941 0.0298837 9.9973E-05 9.9973E-05
0.909905 0.0822049 0.00739016 9.9955E-05 9.9955E-05 9.9955E-05 9.9955E-05 9.9955E-05
0.938792 9.9964E-05 0.0194535 9.9964E-05 9.9964E-05 9.9964E-05 0.0366166 0.0047383
9.99639E-05 0.290029 9.99639E-05 0.424145 9.99639E-05 0.265333 9.99639E-05 0.0200924
9.99459E-05 9.99459E-05 0.877349 0.122052 9.99459E-05 9.99459E-05 9.99459E-05 9.99459E-05
0.0116612 9.9973E-05 0.234612 0.162008 9.9973E-05 0.580246 9.9973E-05 0.0111715
9.9964E-05 0.646529 0.170155 0.164525 9.9964E-05 9.9964E-05 9.9964E-05 0.018391
9.9973E-05 0.404514 0.51712 0.0432195 0.0258304 9.9973E-05 9.9973E-05 0.00901564
9.99639E-05 0.0876207 9.99639E-05 0.805007 0.0858631 9.99639E-05 9.99639E-05 0.0211095
9.9973E-05 0.480201 0.113679 0.159236 9.9973E-05 0.211529 9.9973E-05 0.0350549
9.9964E-05 0.636133 0.188324 0.172158 9.9964E-05 9.9964E-05 0.00298436 9.9964E-05
0.127435 0.41675 0.0348537 0.00114283 0.166479 0.142225 0.0919231 0.0191925
9.9973E-05 0.40254 0.178657 0.391442 9.9973E-05 0.00383154 9.9973E-05 0.0232292
0.00758438 0.73797 0.074218 9.9991E-05 0.0789247 0.0853978 0.00764217 0.00816269
9.9982E-05 0.754399 0.00469567 0.056568 9.9982E-05 0.149293 0.0186168 0.0162282
9.9973E-05 0.619814 0.139551 0.0620005 0.0292049 0.14913 9.9973E-05 9.9973E-05
0.000244451 0.493122 0.0290091 0.0219393 9.9991E-05 0.413421 0.0177884 0.0243758
9.9982E-05 0.806221 0.0594969 0.0868023 9.9982E-05 0.0271948 0.00751721 0.0125681
9.9973E-05 0.309746 0.274579 0.1161 9.9973E-05 0.291591 9.9973E-05 0.00768439
9.9964E-05 0.143976 0.021438 9.9964E-05 0.0595543 0.774632 9.9964E-05 9.9964E-05
9.9973E-05 0.407564 0.071896 0.301586 9.9973E-05 0.175799 9.9973E-05 0.0428548
9.9964E-05 9.9964E-05 0.0294408 0.0910152 9.9964E-05 0.841895 9.9964E-05 0.0372491
0.0228478 0.469591 0.205702 0.0274451 9.9982E-05 0.272329 9.9982E-05 0.00188576
9.99639E-05 0.350951 9.99639E-05 0.382826 9.99639E-05 0.242065 9.99639E-05 0.0237578
9.99549E-05 9.99549E-05 9.99549E-05 0.250035 9.99549E-05 0.687061 9.99549E-05 0.0624045
9.9982E-05 0.701202 9.9982E-05 0.0296005 0.139239 0.0958414 0.0171392 0.0167785
9.9973E-05 0.60544 0.300066 0.00967796 9.9973E-05 0.0825805 9.9973E-05 0.00193611
9.9964E-05 0.46378 9.9964E-05 0.377048 9.9964E-05 0.14171 9.9964E-05 0.0170621
0.0262385 0.749664 0.0467401 0.146183 9.9982E-05 0.0270735 9.9982E-05 0.00390072
9.9973E-05 0.618097 0.231386 0.0687912 9.9973E-05 0.0783762 9.9973E-05 0.00304972
0.0210995 0.669777 0.0201292 0.00631573 0.0878955 0.171921 0.0195415 0.00332051
9.9964E-05 0.731952 0.0692067 0.193985 9.9964E-05 9.9964E-05 9.9964E-05 0.00445559
9.9964E-05 0.677839 0.233524 0.07238 9.9964E-05 0.0158574 9.9964E-05 9.9964E-05
9.9964E-05 0.833138 9.9964E-05 0.156014 0.00837926 9.9964E-05 0.00206865 9.9964E-05
0.502719 9.99459E-05 9.99459E-05 9.99459E-05 9.99459E-05 9.99459E-05 0.496681 9.99459E-05
0.593621 9.99459E-05 9.99459E-05 9.99459E-05 9.99459E-05 9.99459E-05 0.40578 9.99459E-05
0.536028 9.99458E-05 9.99458E-05 9.99458E-05 9.99458E-05 9.99458E-05 0.463372 9.99458E-05
0.582105 9.99458E-05 9.99458E-05 9.99458E-05 9.99458E-05 9.99458E-05 0.417295 9.99458E-05
0.588278 9.99549E-05 9.99549E-05 9.99549E-05 0.166928 9.99549E-05 0.244294 9.99549E-05
0.683979 9.99459E-05 9.99459E-05 9.99459E-05 9.99459E-05 9.99459E-05 0.315421 9.99459E-05
0.974401 9.99459E-05 9.99459E-05 9.99459E-05 9.99459E-05 9.99459E-05 0.0249998 9.99459E-05
9.9973E-05 0.385856 0.216808 0.127355 9.9973E-05 0.246318 9.9973E-05 0.0233634
9.9955E-05 9.9955E-05 9.9955E-05 0.26964 9.9955E-05 0.700902 9.9955E-05 0.0289591
9.9973E-05 0.0588314 0.151725 9.9973E-05 0.0078105 0.763186 9.9973E-05 0.0181467
9.9973E-05 0.331323 9.9973E-05 9.9973E-05 0.00506807 0.636487 0.00293099 0.0238913
9.9973E-05 0.366145 0.160086 0.0572966 9.9973E-05 0.399984 9.9973E-05 0.0161887
0.0369088 0.608524 9.9973E-05 9.9973E-05 9.9973E-05 0.327278 0.0153455 0.011644
9.9964E-05 0.203166 0.0878279 9.9964E-05 9.9964E-05 0.674773 9.9964E-05 0.0338332
0.0579222 0.668562 0.0956084 9.99749E-05 9.99749E-05 0.175768 9.99749E-05 0.00183905
9.9964E-05 9.9964E-05 0.129447 0.0128065 9.9964E-05 0.853151 0.00419542 9.9964E-05
9.9982E-05 0.214902 0.112319 0.0302592 0.00602039 0.573667 9.9982E-05 0.0626324
0.36235 9.99549E-05 9.99549E-05 9.99549E-05 0.0700041 9.99549E-05 0.567146 9.99549E-05
0.126679 9.99549E-05 9.99549E-05 9.99549E-05 0.647082 9.99549E-05 0.22574 9.99549E-05
0.436686 9.9955E-05 9.9955E-05 9.9955E-05 0.441553 9.9955E-05 0.121261 9.9955E-05
0.34126 0.00625037 0.0220925 9.9973E-05 0.521923 9.9973E-05 0.108174 9.9973E-05
0.0484611 9.9964E-05 0.0104864 9.9964E-05 0.716711 9.9964E-05 0.223942 9.9964E-05
9.99459E-05 9.99459E-05 9.99459E-05 9.99459E-05 0.79433 9.99459E-05 0.20507 9.99459E-05
9.99549E-05 0.022978 9.99549E-05 9.99549E-05 0.0868292 9.99549E-05 0.889693 9.99549E-05
9.9991E-05 0.0118409 0.0304328 0.0593635 0.0882827 0.776848 0.00818504 0.0249473
0.105646 0.0166433 9.9973E-05 9.9973E-05 0.718627 9.9973E-05 0.147434 0.011351
0.149949 9.99639E-05 9.99639E-05 0.105731 0.632302 9.99639E-05 0.111618 9.99639E-05
0.132602 9.99549E-05 9.99549E-05 9.99549E-05 0.448866 9.99549E-05 0.418032 9.99549E-05
9.9946E-05 9.9946E-05 9.9946E-05 9.9946E-05 0.679165 9.9946E-05 0.320235 9.9946E-05
9.9964E-05 0.0168631 0.0197542 9.9964E-05 0.745415 9.9964E-05 0.217568 9.9964E-05
9.99459E-05 9.99459E-05 9.99459E-05 9.99459E-05 0.246525 9.99459E-05 0.752875 9.99459E-05
9.99459E-05 9.99459E-05 9.99459E-05 9.99459E-05 0.226859 9.99459E-05 0.772541 9.99459E-05
9.9946E-05 9.9946E-05 9.9946E-05 9.9946E-05 0.807148 9.9946E-05 0.192252 9.9946E-05
0.161609 9.9955E-05 9.9955E-05 9.9955E-05 0.456017 9.9955E-05 0.381874 9.9955E-05
0.226344 9.99459E-05 9.99459E-05 9.99459E-05 9.99459E-05 9.99459E-05 0.773056 9.99459E-05
0.482529 9.99549E-05 9.99549E-05 9.99549E-05 0.21255 9.99549E-05 0.304421 9.99549E-05
0.159103 9.99459E-05 9.99459E-05 9.99459E-05 9.99459E-05 9.99459E-05 0.840297 9.99459E-05
0.622418 9.99549E-05 9.99549E-05 9.99549E-05 0.05461 9.99549E-05 0.322472 9.99549E-05
0.348796 9.99458E-05 9.99458E-05 9.99458E-05 9.99458E-05 9.99458E-05 0.650604 9.99458E-05
0.553442 9.9964E-05 9.9964E-05 9.9964E-05 0.379293 0.000158743 0.0667066 9.9964E-05
0.493613 0.0297963 0.0309945 9.9991E-05 0.388351 0.0526583 0.000878319 0.00360947
9.9946E-05 9.9946E-05 9.9946E-05 0.332293 9.9946E-05 9.9946E-05 0.667107 9.9946E-05
0.0225746 9.99549E-05 9.99549E-05 9.99549E-05 0.296536 9.99549E-05 0.680389 9.99549E-05
9.9973E-05 9.9973E-05 0.0141993 0.0267883 9.9973E-05 0.0482557 0.888077 0.0223802
0.0182466 0.285106 0.501099 9.9973E-05 0.145549 9.9973E-05 0.0496997 9.9973E-05
9.99549E-05 9.99549E-05 9.99549E-05 9.99549E-05 0.157666 0.0321837 0.809651 9.99549E-05
9.9973E-05 0.030588 0.321205 9.9973E-05 0.6149 9.9973E-05 0.0258615 0.00714497
9.9955E-05 9.9955E-05 0.215258 9.9955E-05 0.768717 9.9955E-05 0.015525 9.9955E-05
0.56838 9.9964E-05 0.0231669 9.9964E-05 0.378239 9.9964E-05 0.0298151 9.9964E-05
9.9964E-05 0.063319 9.9964E-05 0.0289021 0.614115 9.9964E-05 0.293264 9.9964E-05
0.202708 0.0337444 9.9982E-05 0.00012403 0.717792 0.0254022 0.0200294 9.9982E-05
0.0656434 9.99549E-05 9.99549E-05 9.99549E-05 0.606022 9.99549E-05 0.327835 9.99549E-05
9.9964E-05 9.9964E-05 0.287857 0.0344068 0.324074 9.9964E-05 0.353262 9.9964E-05
9.9955E-05 0.790415 9.9955E-05 0.200212 9.9955E-05 9.9955E-05 9.9955E-05 0.0088728
0.038951 0.00159852 9.9982E-05 9.9982E-05 0.789708 0.0338197 0.123654 0.0120683
0.148 9.9964E-05 9.9964E-05 0.0294486 0.607109 9.9964E-05 0.215043 9.9964E-05
9.9964E-05 0.171524 0.0047121 9.9964E-05 9.9964E-05 0.798783 9.9964E-05 0.0245804
9.9946E-05 9.9946E-05 0.0441902 9.9946E-05 9.9946E-05 0.95521 9.9946E-05 9.9946E-05
9.9982E-05 0.629568 0.0236429 0.0466241 9.9982E-05 0.288735 0.00813802 0.00309222
9.9991E-05 0.675679 0.0187278 0.0125451 0.076466 0.203973 0.0018765 0.0106327
9.9964E-05 0.211227 9.9964E-05 0.158247 9.9964E-05 0.594322 9.9964E-05 0.0358031
0.0249651 0.797076 9.9991E-05 0.0168467 0.0361396 0.077399 0.0420303 0.00544377
9.9982E-05 0.74277 0.0252842 0.0881586 0.00685883 0.133812 9.9982E-05 0.00291572
9.9964E-05 0.0894711 9.9964E-05 9.9964E-05 0.018157 0.890231 9.9964E-05 0.0017407
9.9964E-05 0.231435 9.9964E-05 9.9964E-05 0.021639 0.734941 9.9964E-05 0.0115847
0.0541057 0.417229 9.9964E-05 9.9964E-05 0.0586812 0.469584 9.9964E-05 9.9964E-05
9.9982E-05 0.824107 0.0938285 0.0364504 0.0242 9.9982E-05 0.0156803 0.00553423
9.9964E-05 0.439772 9.9964E-05 9.9964E-05 0.0869898 0.45304 9.9964E-05 0.0197981
0.00857868 0.540882 0.09285 0.0686698 9.9973E-05 0.28872 9.9973E-05 9.9973E-05
0.0228796 0.609254 9.9973E-05 9.9973E-05 0.0259766 0.320144 9.9973E-05 0.0214455
0.0222701 0.741885 9.9982E-05 9.9982E-05 0.084634 0.102806 0.0298762 0.0183287
9.99639E-05 9.99639E-05 0.0460714 0.864904 9.99639E-05 0.0815754 9.99639E-05 0.00704957
9.99729E-05 0.131609 0.277948 0.520233 0.00493905 0.0649711 9.99729E-05 9.99729E-05
9.99549E-05 9.99549E-05 9.99549E-05 0.661761 9.99549E-05 0.317159 9.99549E-05 0.0205803
0.0469628 9.9955E-05 9.9955E-05 9.9955E-05 0.00259484 0.949943 9.9955E-05 9.9955E-05
9.9955E-05 9.9955E-05 0.453979 0.0837723 9.9955E-05 0.461749 9.9955E-05 9.9955E-05
9.99549E-05 0.403828 9.99549E-05 0.59162 9.99549E-05 9.99549E-05 9.99549E-05 0.00405149
9.9946E-05 9.9946E-05 9.9946E-05 9.9946E-05 9.9946E-05 0.992733 0.00666754 9.9946E-05
9.9982E-05 0.632125 0.12043 0.0732581 0.030809 0.138675 9.9982E-05 0.00450274
0.0410236 0.889639 9.9973E-05 0.000461558 9.9973E-05 9.9973E-05 0.0494557 0.0191198
0.0892136 0.577541 0.05357 0.0296947 0.170326 0.0246874 0.038504 0.0164629
0.106322 0.538281 0.000676947 9.9991E-05 0.093203 0.216401 0.0267147 0.0183021
9.99458E-05 0.0710812 9.99458E-05 0.928319 9.99458E-05 9.99458E-05 9.99458E-05 9.99458E-05
0.0547873 0.869298 9.9973E-05 9.9973E-05 0.00364483 9.9973E-05 0.0647001 0.00727019
0.0781691 0.142724 0.0496045 9.9982E-05 0.547369 0.174916 9.9982E-05 0.00701788
0.145302 0.102704 0.0660123 9.9973E-05 0.611857 9.9973E-05 0.0738257 9.9973E-05
0.11891 0.145945 9.9973E-05 0.0320544 0.70057 9.9973E-05 9.9973E-05 0.00222123
0.0469296 0.598511 0.0116609 0.0109667 0.196525 0.0724885 0.0421885 0.02073
9.9991E-05 0.761211 0.0359439 0.0033214 0.0205328 0.142735 0.0268182 0.00933716
0.0448909 0.825276 0.0284657 9.9982E-05 9.9982E-05 0.0719476 0.0254562 0.00376407
0.0337778 0.831163 0.107193 0.00425859 9.9982E-05 9.9982E-05 0.0155677 0.00784003
9.9973E-05 0.702502 9.9973E-05 9.9973E-05 0.0868746 0.17388 0.0108746 0.0255684
9.9982E-05 0.800504 0.0687353 9.9982E-05 0.0259096 0.0832793 0.00588896 0.0154828
0.281945 0.0239533 0.00298825 0.00184045 0.676225 0.00993313 9.9991E-05 0.00301432
0.0927022 9.99549E-05 9.99549E-05 9.99549E-05 0.664055 9.99549E-05 0.242743 9.99549E-05
0.242998 9.99549E-05 9.99549E-05 9.99549E-05 0.511785 9.99549E-05 0.244717 9.99549E-05
0.303196 0.0129939 9.9973E-05 9.9973E-05 0.629455 0.000183377 0.0538716 9.9973E-05
0.371854 0.0406921 9.9964E-05 9.9964E-05 0.520283 9.9964E-05 0.0667712 9.9964E-05
0.170707 9.9955E-05 9.9955E-05 9.9955E-05 0.683755 9.9955E-05 0.145038 9.9955E-05
0.189686 9.9982E-05 0.0141245 0.00132031 0.760918 9.9982E-05 0.0330041 0.000747947
0.266303 9.99549E-05 9.99549E-05 9.99549E-05 0.537283 9.99549E-05 0.195914 9.99549E-05
0.0799077 9.99549E-05 9.99549E-05 9.99549E-05 0.454289 9.99549E-05 0.465303 9.99549E-05
0.3106 9.9955E-05 9.9955E-05 9.9955E-05 0.577645 9.9955E-05 0.111255 9.9955E-05
0.323931 9.9946E-05 9.9946E-05 9.9946E-05 0.675469 9.9946E-05 9.9946E-05 9.9946E-05
0.341935 0.0138384 9.99751E-05 0.00918065 0.626335 9.99751E-05 0.00841098 9.99751E-05
9.9982E-05 0.808565 0.0518318 0.124491 0.00606372 9.9982E-05 0.00684691 0.00200162
9.99459E-05 0.127978 0.871422 9.99459E-05 9.99459E-05 9.99459E-05 9.99459E-05 9.99459E-05
0.0525685 0.59727 0.0341435 9.99752E-05 9.99752E-05 0.301795 0.0139229 9.99752E-05
9.994E-05 9.994E-05 9.994E-05 9.994E-05 9.994E-05 9.994E-05 9.994E-05 0.9993
9.9973E-05 0.558096 0.240941 9.9973E-05 0.00611956 0.157452 9.9973E-05 0.0370915
0.0455465 0.324331 9.99639E-05 9.99639E-05 0.0700421 9.99639E-05 9.99639E-05 0.55968
9.994E-05 9.994E-05 0.9993 9.994E-05 9.994E-05 9.994E-05 9.994E-05 9.994E-05
9.99549E-05 9.99549E-05 0.803613 9.99549E-05 9.99549E-05 0.173337 9.99549E-05 0.0225511
9.994E-05 9.994E-05 9.994E-05 9.994E-05 9.994E-05 9.994E-05 9.994E-05 0.9993
9.99459E-05 9.99459E-05 0.96597 9.99459E-05 9.99459E-05 9.99459E-05 0.0334301 9.99459E-05
9.9973E-05 0.477884 0.391649 9.9973E-05 0.00970557 0.115102 9.9973E-05 0.00535981
9.99549E-05 0.392586 0.55822 9.99549E-05 9.99549E-05 9.99549E-05 9.99549E-05 0.0486942
