0.00918185 9.9964E-05 0.29015 9.9964E-05 0.117532 9.9964E-05 0.463202 0.103948 9.9964E-05 0.0155855
9.9946E-05 9.9946E-05 0.00153371 9.9946E-05 9.9946E-05 0.0390749 9.9946E-05 0.0663187 9.9946E-05 0.892473
0.0328605 9.9955E-05 0.0620968 9.9955E-05 9.9955E-05 0.0125164 9.9955E-05 0.103149 9.9955E-05 0.788877
0.0237361 0.0184739 0.00746867 0.020633 0.321458 0.0172233 0.514904 0.0194343 0.0565694 9.9991E-05
0.0288268 0.00763208 0.0320307 9.9964E-05 9.9964E-05 0.0323905 9.9964E-05 0.137628 9.9964E-05 0.761092
0.0190083 0.0135336 0.0669825 0.00521155 9.9973E-05 9.9973E-05 0.483709 0.0510155 9.9973E-05 0.36024
0.00461306 0.00425254 0.118576 9.9964E-05 9.9964E-05 0.0197391 0.823056 0.0293633 9.9964E-05 9.9964E-05
0.000204091 0.00475416 0.186374 9.9982E-05 0.0040519 0.0151542 0.0931918 0.692775 9.9982E-05 0.00329515
9.9973E-05 0.0152867 0.219193 0.00154457 9.9973E-05 9.9973E-05 0.102374 0.560353 0.0596653 0.0412842
0.0115111 9.9955E-05 0.0221708 9.9955E-05 0.0051823 0.252169 9.9955E-05 0.708467 9.9955E-05 9.9955E-05
9.99459E-05 9.99459E-05 0.203998 9.99459E-05 9.99459E-05 0.0330573 9.99459E-05 0.697482 9.99459E-05 0.064863
0.015102 9.9973E-05 0.0901694 9.9973E-05 0.0281084 0.0990082 0.0421929 0.710039 9.9973E-05 0.0150796
9.9955E-05 0.0024309 0.207037 9.9955E-05 9.9955E-05 9.9955E-05 0.0598912 0.704702 0.0254394 9.9955E-05
9.9937E-05 9.9937E-05 0.0893806 9.9937E-05 9.9937E-05 0.151136 9.9937E-05 0.758784 9.9937E-05 9.9937E-05
9.9946E-05 9.9946E-05 0.380147 9.9946E-05 0.0231755 0.0287916 9.9946E-05 0.567286 9.9946E-05 9.9946E-05
9.9955E-05 9.9955E-05 0.486502 9.9955E-05 0.0763208 9.9955E-05 0.0274651 0.387684 9.9955E-05 0.0215282
9.99369E-05 9.99369E-05 0.334136 9.99369E-05 9.99369E-05 0.261769 9.99369E-05 0.403396 9.99369E-05 9.99369E-05
9.9973E-05 9.9973E-05 0.326291 9.9973E-05 0.0195002 0.0402209 0.0638817 0.493406 0.0435828 0.012817
9.99369E-05 9.99369E-05 0.3759 9.99369E-05 9.99369E-05 0.165719 9.99369E-05 0.457682 9.99369E-05 9.99369E-05
9.9973E-05 9.9973E-05 0.468985 0.000333156 0.0777616 9.9973E-05 0.071944 0.286353 0.0127991 0.0815244
9.9946E-05 9.9946E-05 0.550195 9.9946E-05 0.0407441 0.0425903 9.9946E-05 0.365871 9.9946E-05 9.9946E-05
9.9937E-05 9.9937E-05 0.513608 9.9937E-05 0.0892259 9.9937E-05 9.9937E-05 0.396467 9.9937E-05 9.9937E-05
9.9955E-05 9.9955E-05 0.455972 9.9955E-05 9.9955E-05 0.0640676 0.00888143 0.447133 9.9955E-05 0.0234464
9.9946E-05 9.9946E-05 0.709903 9.9946E-05 9.9946E-05 9.9946E-05 0.0659691 0.213785 0.00974308 9.9946E-05
0.0117036 9.9946E-05 0.788288 9.9946E-05 0.0340094 9.9946E-05 9.9946E-05 0.165399 9.9946E-05 9.9946E-05
9.9937E-05 9.9937E-05 0.736269 9.9937E-05 9.9937E-05 9.9937E-05 9.9937E-05 0.232452 0.0305798 9.9937E-05
9.9964E-05 0.00113279 0.414605 9.9964E-05 9.9964E-05 0.0466922 0.0374611 0.455032 0.0446771 9.9964E-05
9.99369E-05 9.99369E-05 0.478437 9.99369E-05 9.99369E-05 0.220359 9.99369E-05 0.300505 9.99369E-05 9.99369E-05
9.9973E-05 0.00393709 0.379227 9.9973E-05 0.0646042 9.9973E-05 0.0191905 0.374883 0.0368228 0.121036
0.00954773 0.00513082 0.0441133 9.9955E-05 9.9955E-05 9.9955E-05 0.89501 0.0456987 9.9955E-05 9.9955E-05
9.9964E-05 0.00983106 9.9964E-05 9.9964E-05 0.0242338 9.9964E-05 0.421239 0.0626862 0.157742 0.323867
9.9964E-05 0.0179921 0.0707032 9.9964E-05 9.9964E-05 0.0266884 0.663756 0.100103 0.120357 9.9964E-05
0.00702257 0.0307484 0.471708 9.9982E-05 0.0078624 9.9982E-05 0.162167 0.199531 0.0453963 0.0753641
9.9982E-05 0.0159696 0.0930514 9.9982E-05 0.0257147 0.0173661 0.522269 0.107282 0.0228142 0.195334
9.9973E-05 0.00482894 0.909886 0.00884043 0.0113993 0.046628 0.00103827 9.9973E-05 0.0170795 9.9973E-05
9.9982E-05 0.000554031 0.415949 0.0283122 0.0473492 9.9982E-05 0.0898586 0.331733 0.00325156 0.0827927
0.999101 9.99201E-05 9.99201E-05 9.99201E-05 9.99201E-05 9.99201E-05 9.99201E-05 9.99201E-05 9.99201E-05 9.99201E-05
0.0115013 0.00768155 0.51601 9.9955E-05 0.0641574 9.9955E-05 9.9955E-05 0.40015 9.9955E-05 9.9955E-05
9.9964E-05 9.9964E-05 0.361929 0.0102858 0.082489 9.9964E-05 0.0531996 0.478257 9.9964E-05 0.0134394
9.9973E-05 0.00531163 0.517248 0.00749062 9.9973E-05 9.9973E-05 0.187372 0.228636 0.0201855 0.0334568
9.9973E-05 0.00643444 0.414266 0.00640866 0.0647567 9.9973E-05 0.133345 0.245486 0.129003 9.9973E-05
0.000312601 0.0141476 9.9982E-05 0.00224718 0.0943941 0.00240859 0.662306 0.0793418 9.9982E-05 0.144642
9.9973E-05 0.00453114 0.0896083 9.9973E-05 0.00811095 9.9973E-05 0.60381 0.0681806 0.0518545 0.173604
9.9955E-05 9.9955E-05 9.9955E-05 0.00617217 0.0301795 9.9955E-05 0.0541477 0.90801 0.00099115 9.9955E-05
0.0102262 0.00703997 9.9946E-05 9.9946E-05 0.01753 9.9946E-05 9.9946E-05 0.964604 9.9946E-05 9.9946E-05
0.0146056 0.00593306 9.9955E-05 0.0192711 9.9955E-05 0.0796329 9.9955E-05 0.880057 9.9955E-05 9.9955E-05
9.9964E-05 0.0164326 0.307448 0.00793987 9.9964E-05 9.9964E-05 0.00853005 0.639929 9.9964E-05 0.0193211
9.9955E-05 0.0121813 0.0842318 9.9955E-05 9.9955E-05 9.9955E-05 0.0467389 0.782044 0.0743043 9.9955E-05
9.9964E-05 0.000667102 0.31803 0.00909369 9.9964E-05 9.9964E-05 9.9964E-05 0.64749 0.00726559 0.0170537
9.9955E-05 9.9955E-05 0.0787927 9.9955E-05 9.9955E-05 0.0334643 0.000680242 0.847368 0.0391951 9.9955E-05
0.00741089 9.9946E-05 9.9946E-05 9.9946E-05 0.00300363 0.0684287 9.9946E-05 0.920557 9.9946E-05 9.9946E-05
9.9964E-05 0.00650321 0.0944135 9.9964E-05 9.9964E-05 9.9964E-05 0.0180405 0.786442 0.0542035 0.0399978
9.9955E-05 9.9955E-05 9.9955E-05 0.00383547 0.0271424 9.9955E-05 0.0271761 0.941229 0.000117667 9.9955E-05
9.9937E-05 9.9937E-05 9.9937E-05 9.9937E-05 9.9937E-05 0.0767592 9.9937E-05 0.91674 0.00580141 9.9937E-05
9.9946E-05 0.0197993 9.9946E-05 0.577258 0.00488761 9.9946E-05 0.397455 9.9946E-05 9.9946E-05 9.9946E-05
0.00918085 0.00930387 0.0215797 0.78062 9.9964E-05 9.9964E-05 0.0612438 9.9964E-05 9.9964E-05 0.117672
9.9964E-05 0.0221688 9.9964E-05 0.498251 0.0639259 9.9964E-05 0.272021 9.9964E-05 0.0449795 0.0982545
9.99459E-05 0.0148652 9.99459E-05 0.263001 9.99459E-05 9.99459E-05 0.197028 9.99459E-05 9.99459E-05 0.524506
9.9946E-05 0.0233743 9.9946E-05 0.27189 9.9946E-05 9.9946E-05 9.9946E-05 9.9946E-05 0.0530793 0.651057
0.0172131 0.00900006 9.9964E-05 0.822411 0.0777098 0.028814 9.9964E-05 0.0444519 9.9964E-05 9.9964E-05
9.9955E-05 0.0249853 9.9955E-05 0.236985 0.0904632 9.9955E-05 0.587968 9.9955E-05 9.9955E-05 0.0590991
0.0133216 9.99459E-05 9.99459E-05 9.99459E-05 0.475411 9.99459E-05 0.0999651 9.99459E-05 9.99459E-05 0.410703
0.000592892 0.0153323 0.213539 9.9991E-05 0.111093 0.0456505 0.241802 0.135906 0.0672866 0.168697
9.99201E-05 9.99201E-05 9.99201E-05 9.99201E-05 0.999101 9.99201E-05 9.99201E-05 9.99201E-05 9.99201E-05 9.99201E-05
9.996E-05 9.996E-05 0.0317656 9.996E-05 9.996E-05 9.996E-05 0.410075 0.0193865 0.0240941 0.514179
9.9946E-05 9.9946E-05 9.9946E-05 9.9946E-05 0.149904 9.9946E-05 0.785643 0.0424154 0.0214379 9.9946E-05
9.9964E-05 9.9964E-05 0.0131202 0.104104 0.0799936 0.00921891 0.645337 9.9964E-05 9.9964E-05 0.147827
9.9955E-05 0.0183286 9.9955E-05 0.0989502 9.9955E-05 0.0134218 0.780676 9.9955E-05 0.0881236 9.9955E-05
0.0113336 0.0113151 0.0310387 0.0568046 9.9973E-05 9.9973E-05 0.807943 9.9973E-05 0.0405618 0.0407032
9.9964E-05 0.00369403 9.9964E-05 0.0972006 0.455682 9.9964E-05 0.184627 9.9964E-05 0.148626 0.109771
9.9964E-05 0.00263954 0.0278733 0.147973 9.9964E-05 9.9964E-05 0.504201 0.00905499 0.307859 9.9964E-05
9.99201E-05 9.99201E-05 9.99201E-05 9.99201E-05 0.999101 9.99201E-05 9.99201E-05 9.99201E-05 9.99201E-05 9.99201E-05
9.99549E-05 0.0245788 9.99549E-05 0.359214 0.0050345 9.99549E-05 0.270542 9.99549E-05 0.340131 9.99549E-05
0.00630976 9.9982E-05 0.0142566 0.131538 0.0454517 9.9982E-05 0.626145 0.02425 0.129657 0.0221915
9.99201E-05 9.99201E-05 9.99201E-05 9.99201E-05 0.999101 9.99201E-05 9.99201E-05 9.99201E-05 9.99201E-05 9.99201E-05
9.99459E-05 0.0570079 9.99459E-05 0.465757 9.99459E-05 9.99459E-05 9.99459E-05 9.99459E-05 0.342279 0.134356
9.9955E-05 0.00555445 0.138867 9.9955E-05 9.9955E-05 9.9955E-05 0.441485 9.9955E-05 0.0930529 0.320541
9.9955E-05 9.9955E-05 9.9955E-05 0.119692 0.0272564 9.9955E-05 0.374288 9.9955E-05 0.0691562 0.409108
9.99459E-05 9.99459E-05 9.99459E-05 9.99459E-05 0.9141 9.99459E-05 9.99459E-05 0.0153639 0.00774328 0.0621933
0.00131192 9.9946E-05 9.9946E-05 9.9946E-05 0.350843 9.9946E-05 0.590522 0.0567235 9.9946E-05 9.9946E-05
0.0102836 0.000554166 9.9973E-05 0.0233494 0.279907 9.9973E-05 0.503289 0.00496579 9.9973E-05 0.177351
9.9964E-05 9.9964E-05 0.0929626 9.9964E-05 0.0444215 9.9964E-05 0.428093 0.0460254 0.135996 0.252101
0.00697659 9.9955E-05 9.9955E-05 0.00734602 0.330954 9.9955E-05 0.501971 9.9955E-05 9.9955E-05 0.152252
0.0152081 9.9937E-05 9.9937E-05 0.118812 9.9937E-05 9.9937E-05 0.865281 9.9937E-05 9.9937E-05 9.9937E-05
9.9946E-05 9.9946E-05 0.0184617 9.9946E-05 0.349949 9.9946E-05 0.112751 9.9946E-05 9.9946E-05 0.518239
9.99279E-05 9.99279E-05 9.99279E-05 9.99279E-05 9.99279E-05 0.588674 9.99279E-05 0.410527 9.99279E-05 9.99279E-05
9.99279E-05 9.99279E-05 9.99279E-05 9.99279E-05 9.99279E-05 0.492548 9.99279E-05 0.506653 9.99279E-05 9.99279E-05
9.99278E-05 9.99278E-05 9.99278E-05 9.99278E-05 9.99278E-05 0.556085 9.99278E-05 0.443115 9.99278E-05 9.99278E-05
9.99278E-05 9.99278E-05 9.99278E-05 9.99278E-05 9.99278E-05 0.50194 9.99278E-05 0.49726 9.99278E-05 9.99278E-05
9.99459E-05 9.99459E-05 0.105895 9.99459E-05 9.99459E-05 0.324689 9.99459E-05 0.556853 9.99459E-05 0.0119626
9.99279E-05 9.99279E-05 9.99279E-05 9.99279E-05 9.99279E-05 0.391162 9.99279E-05 0.608038 9.99279E-05 9.99279E-05
9.99279E-05 9.99279E-05 9.99279E-05 9.99279E-05 9.99279E-05 0.068373 9.99279E-05 0.930828 9.99279E-05 9.99279E-05
9.9964E-05 0.00968677 9.9964E-05 0.258786 0.0688578 9.9964E-05 0.551433 9.9964E-05 0.0992713 0.0115656
9.994E-05 0.0181322 9.994E-05 0.533489 9.994E-05 9.994E-05 0.123635 9.994E-05 0.324144 9.994E-05
0.014856 0.0192432 9.9946E-05 9.9946E-05 9.9946E-05 9.9946E-05 0.146467 9.9946E-05 0.818835 9.9946E-05
9.9955E-05 0.0226042 9.9955E-05 0.0794053 0.0129241 9.9955E-05 0.628503 9.9955E-05 0.256064 9.9955E-05
9.9946E-05 0.0232128 9.9946E-05 0.2 9.9946E-05 9.9946E-05 0.627036 9.9946E-05 0.149152 9.9946E-05
9.9973E-05 0.00939608 9.9973E-05 0.00158458 0.021075 9.9973E-05 0.704486 0.0673653 0.173575 0.0222184
9.9946E-05 0.0271321 9.9946E-05 9.9946E-05 0.116195 9.9946E-05 0.252872 9.9946E-05 0.603201 9.9946E-05
9.9955E-05 9.9955E-05 9.9955E-05 0.0113027 9.9955E-05 9.9955E-05 0.46496 0.0415806 0.112571 0.369086
0.0119657 9.9937E-05 9.9937E-05 0.0416765 9.9937E-05 9.9937E-05 9.9937E-05 9.9937E-05 0.945658 9.9937E-05
9.9964E-05 0.0481439 9.9964E-05 0.126102 0.0783661 9.9964E-05 0.423459 9.9964E-05 0.312604 0.0109244
9.99369E-05 9.99369E-05 9.99369E-05 9.99369E-05 9.99369E-05 0.686655 0.0202234 0.292422 9.99369E-05 9.99369E-05
9.99369E-05 9.99369E-05 0.576695 9.99369E-05 9.99369E-05 0.227626 9.99369E-05 0.194979 9.99369E-05 9.99369E-05
9.9937E-05 9.9937E-05 0.380086 9.9937E-05 9.9937E-05 0.134533 9.9937E-05 0.484681 9.9937E-05 9.9937E-05
0.00233615 9.9955E-05 0.431292 9.9955E-05 9.9955E-05 0.125616 9.9955E-05 0.394924 9.9955E-05 0.0453321
9.9964E-05 0.00752186 0.647884 9.9964E-05 9.9964E-05 0.231154 0.00568595 0.101883 0.00547144 9.9964E-05
9.99369E-05 9.99369E-05 0.753384 9.99369E-05 9.99369E-05 0.196631 9.99369E-05 0.0492855 9.99369E-05 9.99369E-05
9.99369E-05 9.99369E-05 9.99369E-05 0.0206449 9.99369E-05 0.96523 0.0134256 9.99369E-05 9.99369E-05 9.99369E-05
0.0241436 0.0255005 0.0520329 0.159199 0.0347764 9.9973E-05 0.348209 9.9973E-05 0.355839 9.9973E-05
9.9955E-05 0.0077429 0.609835 9.9955E-05 9.9955E-05 0.144554 0.0308262 0.206542 9.9955E-05 9.9955E-05
0.19276 9.99459E-05 0.488295 9.99459E-05 9.99459E-05 9.99459E-05 9.99459E-05 0.306196 9.99459E-05 0.0121491
9.99369E-05 9.99369E-05 0.400807 9.99369E-05 9.99369E-05 0.457531 9.99369E-05 0.140963 9.99369E-05 9.99369E-05
9.9928E-05 9.9928E-05 0.724334 9.9928E-05 9.9928E-05 0.274867 9.9928E-05 9.9928E-05 9.9928E-05 9.9928E-05
0.0141326 9.9964E-05 0.695568 9.9964E-05 9.9964E-05 0.201386 0.00399236 0.0412843 9.9964E-05 0.0432374
0.00364103 9.9946E-05 0.19506 0.00095175 9.9946E-05 0.799748 9.9946E-05 9.9946E-05 9.9946E-05 9.9946E-05
0.0271878 0.00367153 0.15337 9.9946E-05 9.9946E-05 0.815171 9.9946E-05 9.9946E-05 9.9946E-05 9.9946E-05
9.9946E-05 9.9946E-05 0.721691 0.00169032 9.9946E-05 0.172082 9.9946E-05 0.103937 9.9946E-05 9.9946E-05
0.0113347 9.9946E-05 0.390216 9.9946E-05 9.9946E-05 0.411015 9.9946E-05 0.186835 9.9946E-05 9.9946E-05
9.99369E-05 9.99369E-05 9.99369E-05 9.99369E-05 9.99369E-05 0.910217 0.0205114 0.0685717 9.99369E-05 9.99369E-05
9.99369E-05 9.99369E-05 0.159074 9.99369E-05 9.99369E-05 0.364322 9.99369E-05 0.475904 9.99369E-05 9.99369E-05
0.00745336 9.99369E-05 9.99369E-05 9.99369E-05 9.99369E-05 0.94879 9.99369E-05 0.0430569 9.99369E-05 9.99369E-05
9.9946E-05 9.9946E-05 0.0040694 9.9946E-05 0.00199909 0.40288 9.9946E-05 0.590452 9.9946E-05 9.9946E-05
9.99279E-05 9.99279E-05 9.99279E-05 9.99279E-05 9.99279E-05 0.746942 9.99279E-05 0.252258 9.99279E-05 9.99279E-05
9.9946E-05 9.9946E-05 0.289817 9.9946E-05 9.9946E-05 0.0889813 0.0037772 0.616825 9.9946E-05 9.9946E-05
9.9982E-05 0.00164167 0.244374 0.0141249 0.0102069 0.0280039 0.0799126 0.60289 0.0186459 9.9982E-05
0.711654 9.99278E-05 9.99278E-05 9.99278E-05 9.99278E-05 0.287547 9.99278E-05 9.99278E-05 9.99278E-05 9.99278E-05
0.0155217 9.9937E-05 0.263078 9.9937E-05 9.9937E-05 0.720701 9.9937E-05 9.9937E-05 9.9937E-05 9.9937E-05
0.0669169 0.0109443 9.9946E-05 0.0760935 9.9946E-05 0.845446 9.9946E-05 9.9946E-05 9.9946E-05 9.9946E-05
0.0647057 9.9937E-05 9.9937E-05 9.9937E-05 9.9937E-05 0.0411207 9.9937E-05 9.9937E-05 9.9937E-05 0.893474
0.0226708 9.9946E-05 0.153033 0.0365129 9.9946E-05 0.787184 9.9946E-05 9.9946E-05 9.9946E-05 9.9946E-05
0.0828593 0.00639265 0.528407 9.9946E-05 9.9946E-05 9.9946E-05 9.9946E-05 9.9946E-05 9.9946E-05 0.381741
0.0324696 9.9964E-05 0.703377 0.0570196 9.9964E-05 9.9964E-05 0.0551111 0.0595383 9.9964E-05 0.0920841
9.9946E-05 9.9946E-05 0.321646 9.9946E-05 9.9946E-05 0.0557434 9.9946E-05 0.606974 0.0150375 9.9946E-05
0.00606873 9.9946E-05 0.649608 9.9946E-05 0.086939 0.256784 9.9946E-05 9.9946E-05 9.9946E-05 9.9946E-05
9.9955E-05 9.9955E-05 0.605789 9.9955E-05 0.00890321 9.9955E-05 0.0236987 0.340529 0.0205802 9.9955E-05
9.99369E-05 9.99369E-05 0.529069 9.99369E-05 9.99369E-05 0.357251 9.99369E-05 0.11298 9.99369E-05 9.99369E-05
0.136555 0.00127359 0.441742 0.113186 9.9973E-05 0.196144 9.9973E-05 9.9973E-05 0.0219876 0.088812
9.9937E-05 9.9937E-05 9.9937E-05 9.9937E-05 0.411372 9.9937E-05 0.180515 9.9937E-05 9.9937E-05 0.407414
0.0168873 0.0179952 0.765535 0.00704947 9.9973E-05 0.0615492 9.9973E-05 0.112103 0.0185807 9.9973E-05
0.0417659 9.9955E-05 0.570589 9.9955E-05 0.0122143 0.166626 9.9955E-05 0.208305 9.9955E-05 9.9955E-05
9.9964E-05 0.0174352 9.9964E-05 0.0188904 0.0999888 9.9964E-05 0.0414154 9.9964E-05 0.653233 0.168638
9.99201E-05 9.99201E-05 9.99201E-05 9.99201E-05 9.99201E-05 9.99201E-05 9.99201E-05 9.99201E-05 0.999101 9.99201E-05
9.9964E-05 0.00211021 9.9964E-05 0.00596559 0.0619505 9.9964E-05 0.164938 9.9964E-05 0.305717 0.458919
9.9955E-05 9.9955E-05 0.075023 9.9955E-05 0.0279856 9.9955E-05 0.510172 9.9955E-05 0.129414 0.256906
9.9955E-05 0.018499 9.9955E-05 0.245245 9.9955E-05 9.9955E-05 0.251436 9.9955E-05 0.462376 0.0219444
9.9946E-05 0.000886143 9.9946E-05 9.9946E-05 9.9946E-05 0.0122452 9.9946E-05 9.9946E-05 0.00320247 0.983067
9.99549E-05 9.99549E-05 9.99549E-05 0.0801901 0.018916 9.99549E-05 0.0163497 9.99549E-05 0.113673 0.770371
9.99549E-05 9.99549E-05 0.0196821 9.99549E-05 9.99549E-05 9.99549E-05 0.0376547 0.00105712 0.937151 0.00395478
9.9955E-05 0.00996648 0.00265701 9.9955E-05 9.9955E-05 9.9955E-05 0.146234 9.9955E-05 0.639964 0.200678
9.99549E-05 9.99549E-05 0.0213742 9.99549E-05 9.99549E-05 9.99549E-05 0.0804795 0.0410425 0.355178 0.501426
0.000416084 9.9973E-05 9.9973E-05 0.0199775 0.0175909 9.9973E-05 0.167203 0.00775553 0.113562 0.673195
9.9973E-05 0.0143306 0.0435279 9.9973E-05 0.00431772 9.9973E-05 0.508018 0.0234536 0.288875 0.117177
9.9946E-05 9.9946E-05 9.9946E-05 9.9946E-05 0.239446 9.9946E-05 0.175428 9.9946E-05 0.205095 0.379431
9.9955E-05 0.00767824 9.9955E-05 9.9955E-05 9.9955E-05 9.9955E-05 0.385205 0.066771 0.340113 0.199733
9.9964E-05 0.0114931 0.152608 9.9964E-05 9.9964E-05 9.9964E-05 0.505471 0.0142209 0.0719389 0.243868
9.99201E-05 9.99201E-05 9.99201E-05 0.999101 9.99201E-05 9.99201E-05 9.99201E-05 9.99201E-05 9.99201E-05 9.99201E-05
9.99369E-05 9.99369E-05 0.0419314 0.855159 9.99369E-05 9.99369E-05 9.99369E-05 9.99369E-05 9.99369E-05 0.10221
9.99201E-05 9.99201E-05 9.99201E-05 0.999101 9.99201E-05 9.99201E-05 9.99201E-05 9.99201E-05 9.99201E-05 9.99201E-05
9.99369E-05 9.99369E-05 0.0368349 9.99369E-05 9.99369E-05 9.99369E-05 9.99369E-05 0.0124051 0.95006 9.99369E-05
9.9946E-05 0.00666374 9.9946E-05 0.420663 9.9946E-05 9.9946E-05 9.9946E-05 9.9946E-05 0.359315 0.212759
0.00531284 9.9928E-05 9.9928E-05 9.9928E-05 0.993888 9.9928E-05 9.9928E-05 9.9928E-05 9.9928E-05 9.9928E-05
9.99201E-05 9.99201E-05 9.99201E-05 9.99201E-05 9.99201E-05 9.99201E-05 9.99201E-05 9.99201E-05 0.999101 9.99201E-05
9.9973E-05 0.00115744 0.018391 0.0495044 0.0511604 9.9973E-05 0.429513 9.9973E-05 0.141501 0.308473
9.9928E-05 9.9928E-05 9.9928E-05 9.9928E-05 9.9928E-05 9.9928E-05 9.9928E-05 0.0093456 9.9928E-05 0.989855
9.9973E-05 0.0017008 0.0982744 9.9973E-05 9.9973E-05 0.0458337 0.312376 0.120101 0.0557506 0.365663
9.9964E-05 0.00919393 0.07284 9.9964E-05 9.9964E-05 0.0319261 0.698474 0.128843 0.0583232 9.9964E-05
9.99201E-05 9.99201E-05 9.99201E-05 0.999101 9.99201E-05 9.99201E-05 9.99201E-05 9.99201E-05 9.99201E-05 9.99201E-05
9.99279E-05 9.99279E-05 9.99279E-05 9.99279E-05 9.99279E-05 9.99279E-05 9.99279E-05 0.0680485 9.99279E-05 0.931152
9.9964E-05 9.9964E-05 0.451096 9.9964E-05 0.035927 9.9964E-05 0.109729 0.146964 0.111594 0.144291
9.9946E-05 9.9946E-05 0.539233 9.9946E-05 9.9946E-05 0.064844 9.9946E-05 0.18592 9.9946E-05 0.209403
9.9946E-05 9.9946E-05 0.5837 9.9946E-05 0.0510388 9.9946E-05 0.133808 0.230853 9.9946E-05 9.9946E-05
9.998E-05 0.00976135 0.166625 9.998E-05 0.0193274 0.0123613 0.494535 0.11729 0.105641 0.0742594
9.9973E-05 9.9973E-05 0.0420404 9.9973E-05 0.0214075 0.00686979 0.750403 0.0054233 0.0557974 0.117758
0.00388121 9.9946E-05 9.9946E-05 9.9946E-05 9.9946E-05 9.9946E-05 0.761371 0.0825825 9.9946E-05 0.151565
0.00179195 0.00356556 0.00293751 0.00504928 9.9973E-05 9.9973E-05 0.603748 0.0465953 9.9973E-05 0.336012
9.9955E-05 0.00662839 0.0614767 9.9955E-05 9.9955E-05 9.9955E-05 0.759072 0.0487994 0.123524 9.9955E-05
0.00632589 0.00257139 9.9973E-05 0.00452812 9.9973E-05 9.9973E-05 0.852389 0.0252296 0.00278443 0.105872
9.9964E-05 0.00021952 0.571324 9.9964E-05 9.9964E-05 9.9964E-05 0.00450199 0.372865 0.0125162 0.0381739
9.99369E-05 9.99369E-05 0.619418 9.99369E-05 9.99369E-05 0.247293 9.99369E-05 0.13259 9.99369E-05 9.99369E-05
9.99369E-05 9.99369E-05 0.462422 9.99369E-05 9.99369E-05 0.2677 9.99369E-05 0.269178 9.99369E-05 9.99369E-05
9.9955E-05 9.9955E-05 0.550094 9.9955E-05 9.9955E-05 0.0394846 0.0158151 0.392922 9.9955E-05 0.00118469
9.9955E-05 9.9955E-05 0.466033 0.000649117 9.9955E-05 0.0524423 9.9955E-05 0.43497 9.9955E-05 0.0454063
9.99369E-05 9.99369E-05 0.592327 9.99369E-05 9.99369E-05 0.145126 9.99369E-05 0.261848 9.99369E-05 9.99369E-05
9.9955E-05 9.9955E-05 0.698199 0.0120263 9.9955E-05 0.0150022 0.00595514 0.268318 9.9955E-05 9.9955E-05
9.99369E-05 9.99369E-05 0.473115 9.99369E-05 9.99369E-05 0.198225 9.99369E-05 0.327961 9.99369E-05 9.99369E-05
9.99369E-05 9.99369E-05 0.455085 9.99369E-05 9.99369E-05 0.511233 9.99369E-05 0.0329825 9.99369E-05 9.99369E-05
9.9937E-05 9.9937E-05 0.502437 9.9937E-05 9.9937E-05 0.124485 9.9937E-05 0.372379 9.9937E-05 9.9937E-05
9.9928E-05 9.9928E-05 0.594165 9.9928E-05 9.9928E-05 9.9928E-05 9.9928E-05 0.405036 9.9928E-05 9.9928E-05
9.9955E-05 0.00286425 0.53222 9.9955E-05 0.0172454 9.9955E-05 9.9955E-05 0.437731 0.00943866 9.9955E-05
9.9946E-05 9.9946E-05 9.9946E-05 0.117411 9.9946E-05 0.0045682 0.842383 0.0350375 9.9946E-05 9.9946E-05
0.00203547 0.022837 9.9946E-05 0.304681 9.9946E-05 9.9946E-05 0.669847 9.9946E-05 9.9946E-05 9.9946E-05
9.9964E-05 9.9964E-05 9.9964E-05 9.9964E-05 0.0423368 0.0157673 0.793451 0.0451865 0.0415895 0.0612688
9.99278E-05 0.997232 9.99278E-05 9.99278E-05 9.99278E-05 9.99278E-05 9.99278E-05 0.00196818 9.99278E-05 9.99278E-05
9.9955E-05 0.0413927 9.9955E-05 0.0678357 9.9955E-05 0.0200931 0.860446 9.9955E-05 0.00973302 9.9955E-05
9.99549E-05 0.550644 0.0766618 9.99549E-05 9.99549E-05 9.99549E-05 0.24582 0.0485981 9.99549E-05 0.0777759
0.0327902 0.033359 0.073149 0.582386 9.9955E-05 9.9955E-05 0.277816 9.9955E-05 9.9955E-05 9.9955E-05
9.9955E-05 0.0515276 9.9955E-05 0.391342 0.0457642 9.9955E-05 0.421586 9.9955E-05 0.0892799 9.9955E-05
9.99201E-05 0.999101 9.99201E-05 9.99201E-05 9.99201E-05 9.99201E-05 9.99201E-05 9.99201E-05 9.99201E-05 9.99201E-05
0.0632911 0.0766161 9.9955E-05 0.357907 9.9955E-05 0.0411378 0.460548 9.9955E-05 9.9955E-05 9.9955E-05
0.00913483 0.0295078 9.9964E-05 0.0428385 0.0155172 9.9964E-05 0.861967 9.9964E-05 0.0406343 9.9964E-05
0.010556 0.091305 9.9946E-05 0.135106 9.9946E-05 9.9946E-05 0.762433 9.9946E-05 9.9946E-05 9.9946E-05
