0.0459388 0.11881 0.00890982 0.531758 9.999E-05 0.00360547 0.0603246 0.0512249 0.179328
0.0279477 0.0939154 0.00454884 0.779665 0.0227791 9.9982E-05 0.0407969 9.9982E-05 0.0301468
0.0422254 0.186423 0.048887 0.627676 0.0493726 0.0115065 0.00100306 9.9991E-05 0.0328069
0.16729 0.0177124 0.0341067 0.522461 9.9982E-05 0.019204 0.0112559 0.22777 9.9982E-05
0.00196217 0.109692 0.0579202 0.61666 0.0429718 0.0190728 0.00162042 9.9991E-05 0.150001
0.0527418 0.00928547 0.0183478 0.770283 0.00491324 0.0123158 9.9982E-05 9.9982E-05 0.131913
9.9973E-05 9.9973E-05 0.0233725 0.808712 0.0111872 0.0169194 0.0126977 9.9973E-05 0.126812
9.9964E-05 0.623854 0.0083081 0.0964252 0.00725379 9.9964E-05 9.9964E-05 9.9964E-05 0.263759
9.9964E-05 0.445499 9.9964E-05 0.151302 9.9964E-05 0.00396266 9.9964E-05 0.0756943 0.323143
9.9955E-05 0.649349 0.00749503 9.9955E-05 9.9955E-05 9.9955E-05 0.230718 9.9955E-05 0.111938
9.9964E-05 0.653699 9.9964E-05 0.055219 0.00426482 9.9964E-05 0.0327908 9.9964E-05 0.253627
9.9964E-05 0.60843 0.0194372 0.0790053 9.9964E-05 9.9964E-05 0.0803648 9.9964E-05 0.212363
9.9964E-05 0.61066 9.9964E-05 0.0552025 9.9964E-05 0.0025155 9.9964E-05 0.0374988 0.293723
9.9955E-05 0.68901 9.9955E-05 0.000609075 9.9955E-05 9.9955E-05 0.128047 9.9955E-05 0.181834
0.016671 0.46985 9.9964E-05 9.9964E-05 0.0034992 9.9964E-05 0.0151286 9.9964E-05 0.494451
0.0253625 0.303417 9.9964E-05 0.097446 9.9964E-05 0.000107382 9.9964E-05 9.9964E-05 0.573267
9.99459E-05 0.351174 9.99459E-05 9.99459E-05 9.99459E-05 9.99459E-05 0.274554 9.99459E-05 0.373672
0.00185837 0.411494 0.000518269 0.116953 9.9991E-05 0.00242447 0.0594424 0.0272406 0.379969
9.9955E-05 0.37532 9.9955E-05 9.9955E-05 0.00589818 9.9955E-05 0.170785 9.9955E-05 0.447497
0.0272276 0.199781 0.00136565 0.156131 0.014674 0.00509597 9.9991E-05 0.0239735 0.571651
9.9982E-05 0.235977 0.00226986 0.00871844 0.0073669 9.9982E-05 0.0549609 0.0153715 0.675135
0.0380337 0.227462 9.9982E-05 0.00665857 0.00966615 0.00292477 9.9982E-05 0.0274697 0.687585
9.996E-05 0.338189 9.996E-05 9.996E-05 0.0059537 9.996E-05 0.0819541 0.0299066 0.543597
9.9973E-05 0.0883835 0.00514314 0.0573043 9.9973E-05 0.00832663 0.0215829 9.9973E-05 0.81896
0.00623977 9.9946E-05 0.0368652 9.9946E-05 9.9946E-05 9.9946E-05 9.9946E-05 9.9946E-05 0.956295
9.9955E-05 0.0873721 9.9955E-05 9.9955E-05 9.9955E-05 9.9955E-05 0.023289 0.0204208 0.868418
9.9982E-05 0.355193 9.9982E-05 0.00793858 0.00908129 0.00525061 0.0614149 0.055797 0.505125
9.99459E-05 0.228014 9.99459E-05 9.99459E-05 9.99459E-05 9.99459E-05 0.233828 9.99459E-05 0.537557
9.998E-05 0.274831 0.00919474 0.0838052 0.0168661 0.0111785 9.998E-05 0.10025 0.503674
9.9973E-05 9.9973E-05 0.0126319 0.720485 0.00528077 0.00609843 9.9973E-05 0.148976 0.106228
9.9973E-05 0.0562704 9.9973E-05 0.587847 0.0133176 0.0104977 0.0166384 0.315129 9.9973E-05
9.997E-05 0.084338 9.997E-05 0.539726 9.997E-05 0.0256562 0.0243449 0.25067 0.0749644
0.00792411 0.124642 0.00891407 0.114083 0.00375799 0.0275249 9.9991E-05 0.151355 0.5617
0.0572702 0.135246 9.999E-05 0.632221 0.00952499 0.0166023 0.0080012 0.0509736 0.0900608
9.9964E-05 9.9964E-05 9.9964E-05 0.0501797 9.9964E-05 0.0106272 0.129405 0.0219521 0.787436
0.0599168 0.262986 9.9973E-05 0.149576 0.00933619 9.9973E-05 9.9973E-05 0.0312963 0.486589
9.993E-05 9.993E-05 0.999201 9.993E-05 9.993E-05 9.993E-05 9.993E-05 9.993E-05 9.993E-05
9.9982E-05 0.24224 0.0241572 0.00971051 0.00862699 0.00770381 9.9982E-05 0.0357733 0.671588
0.0405157 0.365427 0.00801741 0.121733 9.9964E-05 9.9964E-05 9.9964E-05 9.9964E-05 0.463908
0.012216 0.0554271 9.9973E-05 0.0791033 9.9973E-05 0.0124856 9.9973E-05 0.115394 0.725074
0.0918052 0.230031 9.998E-05 0.111242 0.0220613 0.00299874 9.998E-05 0.115586 0.426076
0.04689 0.0357798 0.0114311 0.778237 9.9991E-05 0.0183797 0.0285643 0.0688423 0.0117762
9.997E-05 0.0686641 9.997E-05 0.578098 0.0190226 0.00606183 9.997E-05 0.232168 0.095686
0.00470819 0.882216 9.9964E-05 0.0515624 9.9964E-05 9.9964E-05 9.9964E-05 0.0548509 0.00626273
0.0270341 0.929279 9.9973E-05 0.0081509 0.011201 0.00419866 9.9973E-05 9.9973E-05 0.0198366
0.00551391 0.887548 0.019862 9.9973E-05 9.9973E-05 0.0141272 0.0537143 0.0189346 9.9973E-05
9.9964E-05 0.59142 9.9964E-05 9.9964E-05 0.029995 0.00567096 9.9964E-05 0.0374431 0.335071
9.9973E-05 0.790851 9.9973E-05 0.0445154 0.0177636 0.000533372 9.9973E-05 0.101416 0.0446212
9.9964E-05 0.586889 9.9964E-05 9.9964E-05 0.0290038 0.00538211 9.9964E-05 0.0257154 0.35261
9.99717E-05 0.837041 9.99717E-05 9.99717E-05 0.00769078 9.99717E-05 0.0138162 0.0507599 0.0902922
0.000922008 0.953829 0.0079614 0.0022583 9.9964E-05 9.9964E-05 0.0346296 9.9964E-05 9.9964E-05
9.9973E-05 0.706745 9.9973E-05 0.0495262 0.00484534 0.00244063 9.9973E-05 0.0676928 0.16845
0.00601903 0.923896 9.9973E-05 0.0495146 0.000804508 0.000160874 9.9973E-05 0.0193054 9.9973E-05
9.9955E-05 0.923653 9.9955E-05 9.9955E-05 0.0187739 9.9955E-05 0.0500267 0.00704625 9.9955E-05
0.653374 9.9955E-05 9.9955E-05 0.335755 0.00301518 0.00735596 9.9955E-05 9.9955E-05 9.9955E-05
0.782183 9.9964E-05 9.9964E-05 9.9964E-05 0.0336035 0.0136991 9.9964E-05 0.130048 0.0400662
0.545572 0.00468053 9.9973E-05 0.229345 0.0263727 0.0161279 9.9973E-05 0.177602 9.9973E-05
0.27795 9.9955E-05 9.9955E-05 0.684311 0.0127267 0.0245126 9.9955E-05 9.9955E-05 9.9955E-05
0.264832 9.9982E-05 0.0191885 0.596905 0.0316602 0.037251 9.9982E-05 0.0384099 0.011554
0.905343 0.0209086 9.9964E-05 9.9964E-05 9.9964E-05 0.00846018 0.0420821 9.9964E-05 0.0228067
0.254814 9.9973E-05 0.00372693 0.567826 0.00972591 0.0412709 9.9973E-05 0.122337 9.9973E-05
0.252032 9.9955E-05 0.0315181 0.70095 0.0150005 9.9955E-05 9.9955E-05 9.9955E-05 9.9955E-05
0.0276256 0.169336 9.9991E-05 0.426968 0.0144425 0.00923889 0.0886644 0.151359 0.112265
0.587071 9.9946E-05 9.9946E-05 0.389736 9.9946E-05 0.0225933 9.9946E-05 9.9946E-05 9.9946E-05
0.0270395 9.9982E-05 9.9982E-05 0.790857 0.0367152 0.00977666 0.00201394 0.0608055 0.0725923
9.9964E-05 0.0346593 0.0106671 0.610721 9.9964E-05 0.0105008 9.9964E-05 0.333052 9.9964E-05
0.134317 9.9964E-05 9.9964E-05 0.561883 0.0248366 9.9964E-05 9.9964E-05 0.248482 0.0300818
0.0252636 9.9973E-05 0.00687186 0.453716 9.9973E-05 0.0229811 0.0184118 0.472456 9.9973E-05
0.120282 9.9973E-05 0.00656963 0.759158 9.9973E-05 0.00850792 9.9973E-05 0.0812538 0.023928
0.261019 9.9964E-05 9.9964E-05 0.320257 0.00369062 0.00742365 9.9964E-05 0.40721 9.9964E-05
0.0426116 9.9955E-05 9.9955E-05 0.153003 9.9955E-05 9.9955E-05 9.9955E-05 0.753442 0.0504441
0.307998 9.9955E-05 9.9955E-05 0.203357 9.9955E-05 0.0397251 9.9955E-05 0.448419 9.9955E-05
0.238936 9.9946E-05 9.9946E-05 9.9946E-05 9.9946E-05 0.0216346 9.9946E-05 0.73883 9.9946E-05
0.104724 0.0331468 0.0068337 0.441205 9.9964E-05 9.9964E-05 9.9964E-05 0.413691 9.9964E-05
0.549697 9.9955E-05 9.9955E-05 0.366894 9.9955E-05 0.0141686 9.9955E-05 0.0687405 9.9955E-05
0.518276 9.9964E-05 9.9964E-05 0.124768 0.000451129 0.0577154 9.9964E-05 0.29839 9.9964E-05
0.0349516 9.9982E-05 9.9982E-05 0.713395 0.0230345 0.00808837 0.00822821 0.0861314 0.125971
0.175272 9.9955E-05 9.9955E-05 0.731873 0.0351972 9.9955E-05 9.9955E-05 0.0571579 9.9955E-05
0.309928 0.00195299 0.014506 0.200897 0.0447211 0.0109811 9.9982E-05 0.416814 9.9982E-05
0.175408 0.0188973 0.023443 0.774428 9.9964E-05 0.00742389 9.9964E-05 9.9964E-05 9.9964E-05
0.122165 9.997E-05 0.0131017 0.630476 0.0277838 0.00339012 9.997E-05 0.202783 9.997E-05
9.9964E-05 9.9964E-05 0.00708875 0.608405 9.9964E-05 0.0089435 9.9964E-05 0.241399 0.133764
0.240051 9.9964E-05 0.00389564 0.743785 0.00488905 0.00697947 9.9964E-05 9.9964E-05 9.9964E-05
0.143727 9.9973E-05 0.0115285 0.686216 0.0116784 0.00626441 9.9973E-05 0.140286 9.9973E-05
0.184255 9.9955E-05 9.9955E-05 0.756005 0.0317895 9.9955E-05 9.9955E-05 9.9955E-05 0.0274509
9.99369E-05 0.425834 9.99369E-05 9.99369E-05 9.99369E-05 9.99369E-05 0.573466 9.99369E-05 9.99369E-05
9.99369E-05 0.530553 9.99369E-05 9.99369E-05 9.99369E-05 9.99369E-05 0.468748 9.99369E-05 9.99369E-05
9.99369E-05 0.470996 9.99369E-05 9.99369E-05 9.99369E-05 9.99369E-05 0.528305 9.99369E-05 9.99369E-05
9.99369E-05 0.506209 9.99369E-05 9.99369E-05 9.99369E-05 9.99369E-05 0.493092 9.99369E-05 9.99369E-05
9.99639E-05 0.572887 9.99639E-05 0.00878228 0.0160743 9.99639E-05 0.305039 9.99639E-05 0.0968182
9.99369E-05 0.631639 9.99369E-05 9.99369E-05 9.99369E-05 9.99369E-05 0.367662 9.99369E-05 9.99369E-05
9.99369E-05 0.976011 9.99369E-05 9.99369E-05 9.99369E-05 9.99369E-05 0.0232897 9.99369E-05 9.99369E-05
0.259011 0.00172798 9.997E-05 0.410189 0.00402981 0.0204654 9.997E-05 0.304276 9.997E-05
0.498653 9.9946E-05 9.9946E-05 9.9946E-05 9.9946E-05 0.0189027 9.9946E-05 0.481845 9.9946E-05
9.9946E-05 9.9946E-05 0.0183629 9.9946E-05 9.9946E-05 0.0141838 9.9946E-05 0.966854 9.9946E-05
0.0260914 9.9964E-05 9.9964E-05 0.309504 9.9964E-05 0.0235412 9.9964E-05 0.638203 0.00226146
0.0735327 9.9964E-05 9.9964E-05 0.230322 0.00624694 0.0210729 9.9964E-05 0.668425 9.9964E-05
0.00236984 0.0457387 9.9973E-05 0.621996 9.9973E-05 0.0196239 0.00654388 0.303428 9.9973E-05
9.9955E-05 9.9955E-05 9.9955E-05 0.0184481 9.9955E-05 0.0236171 9.9955E-05 0.94833 0.00910479
0.078018 0.00561225 0.00268186 0.824847 0.00822569 0.003752 0.00353241 0.040305 0.0330255
0.10367 9.9946E-05 0.0235992 9.9946E-05 9.9946E-05 9.9946E-05 9.9946E-05 0.872131 9.9946E-05
0.0700339 9.9973E-05 9.9973E-05 0.131491 0.0138782 0.0468456 9.9973E-05 0.732116 0.00533528
9.99549E-05 0.281925 9.99549E-05 0.0233496 9.99549E-05 9.99549E-05 0.684997 9.99549E-05 0.00922906
9.99459E-05 0.074895 9.99459E-05 9.99459E-05 9.99459E-05 9.99459E-05 0.264118 9.99459E-05 0.660387
9.9946E-05 0.405269 9.9946E-05 9.9946E-05 9.9946E-05 9.9946E-05 0.143412 9.9946E-05 0.45072
9.9982E-05 0.320852 0.00027258 0.0177191 0.0256606 0.00130077 0.125429 9.9982E-05 0.508566
9.9973E-05 0.0415148 9.9973E-05 9.9973E-05 0.0145025 0.00104105 0.262622 0.0197877 0.660233
9.9937E-05 9.9937E-05 9.9937E-05 9.9937E-05 9.9937E-05 9.9937E-05 0.233942 9.9937E-05 0.765359
0.0293743 9.99369E-05 9.99369E-05 9.99369E-05 9.99369E-05 9.99369E-05 0.969926 9.99369E-05 9.99369E-05
0.104113 9.996E-05 0.0170541 9.996E-05 9.996E-05 0.0223309 9.996E-05 0.773825 0.0822777
0.00592161 0.0661943 9.9973E-05 0.0122911 9.9973E-05 0.0136191 0.158945 9.9973E-05 0.742729
9.995E-05 0.210239 0.203874 0.00360042 9.995E-05 9.995E-05 9.995E-05 9.995E-05 0.581787
9.99459E-05 0.0907754 9.99459E-05 9.99459E-05 9.99459E-05 9.99459E-05 0.48116 9.99459E-05 0.427465
9.9937E-05 9.9937E-05 9.9937E-05 9.9937E-05 9.9937E-05 9.9937E-05 0.363447 9.9937E-05 0.635854
9.9964E-05 9.9964E-05 0.0202468 9.9964E-05 0.0428359 9.9964E-05 0.217564 0.0139698 0.704984
9.9955E-05 9.9955E-05 9.9955E-05 0.00085277 0.0304326 9.9955E-05 0.859969 9.9955E-05 0.108246
9.9964E-05 9.9964E-05 0.0133406 9.9964E-05 0.0299015 0.00445963 0.86985 9.9964E-05 0.0820484
9.9946E-05 9.9946E-05 0.00962861 9.9946E-05 9.9946E-05 9.9946E-05 0.183849 9.9946E-05 0.805923
9.9964E-05 0.144662 0.00858474 9.9964E-05 0.000556817 9.9964E-05 0.426297 9.9964E-05 0.4195
9.99549E-05 0.0883201 9.99549E-05 0.0100278 9.99549E-05 0.000824069 0.900328 9.99549E-05 9.99549E-05
9.99459E-05 0.407218 9.99459E-05 9.99459E-05 9.99459E-05 9.99459E-05 0.352028 9.99459E-05 0.240155
9.99459E-05 0.0429005 0.00323797 9.99459E-05 9.99459E-05 9.99459E-05 0.953262 9.99459E-05 9.99459E-05
9.9946E-05 0.546939 9.9946E-05 9.9946E-05 9.9946E-05 9.9946E-05 0.375596 9.9946E-05 0.0768656
9.99369E-05 0.268684 9.99369E-05 9.99369E-05 9.99369E-05 9.99369E-05 0.730617 9.99369E-05 9.99369E-05
9.9955E-05 0.529489 9.9955E-05 9.9955E-05 9.9955E-05 9.9955E-05 0.0945701 0.00170133 0.373739
9.9982E-05 0.525282 9.9982E-05 0.0445407 0.00151689 0.00206353 0.0211891 0.0751568 0.330051
9.99368E-05 9.99368E-05 0.720689 9.99368E-05 9.99368E-05 9.99368E-05 0.278611 9.99368E-05 9.99368E-05
9.9955E-05 9.9955E-05 0.01061 9.9955E-05 0.00784393 9.9955E-05 0.769659 9.9955E-05 0.211387
0.0590666 9.9955E-05 0.0820654 9.9955E-05 9.9955E-05 0.0162353 0.842133 9.9955E-05 9.9955E-05
9.993E-05 9.993E-05 9.993E-05 9.993E-05 0.999201 9.993E-05 9.993E-05 9.993E-05 9.993E-05
0.0526497 9.9955E-05 0.0221185 9.9955E-05 9.9955E-05 9.9955E-05 0.873601 9.9955E-05 0.0511309
9.99549E-05 0.0945322 9.99549E-05 9.99549E-05 0.75307 9.99549E-05 0.0387523 9.99549E-05 0.113146
0.0698231 9.9964E-05 0.0354408 0.0931338 0.0497538 9.9964E-05 9.9964E-05 9.9964E-05 0.751449
9.9964E-05 0.502819 9.9964E-05 9.9964E-05 0.00848913 9.9964E-05 0.0470757 0.00836529 0.432851
0.0316943 9.9991E-05 0.0147777 0.0160519 0.01797 0.00449501 0.302876 0.0311355 0.580899
0.0122709 0.211063 0.000988057 0.0193421 9.9991E-05 0.00192063 0.00393093 0.0280103 0.722374
9.99459E-05 0.0342636 9.99459E-05 9.99459E-05 9.99459E-05 9.99459E-05 0.38879 9.99459E-05 0.576347
0.0471928 9.9982E-05 0.136776 9.9982E-05 0.0896207 0.00173251 0.257996 0.137569 0.328913
0.219532 0.00281641 0.00964297 0.767161 9.9964E-05 0.000447454 9.9964E-05 9.9964E-05 9.9964E-05
0.00212017 0.0237672 0.0147613 9.9982E-05 9.9982E-05 0.0180302 0.103981 0.0288808 0.808259
9.9964E-05 0.145859 0.045044 9.9964E-05 0.013899 9.9964E-05 0.185154 9.9964E-05 0.609644
0.0639218 9.9964E-05 9.9964E-05 0.151069 0.00130346 0.0168211 9.9964E-05 0.766484 9.9964E-05
0.0922212 9.9946E-05 9.9946E-05 9.9946E-05 0.00773218 9.9946E-05 9.9946E-05 0.899447 9.9946E-05
0.0626702 9.996E-05 9.996E-05 0.627038 9.996E-05 0.0036227 0.00726107 0.299009 9.996E-05
0.028341 9.9973E-05 9.9973E-05 0.780411 9.9973E-05 0.00646978 0.0106057 0.122655 0.051217
0.235739 9.9955E-05 9.9955E-05 0.15048 9.9955E-05 0.0203015 9.9955E-05 0.59298 9.9955E-05
0.0513447 0.0533915 9.9982E-05 0.831725 0.00239981 0.0104782 0.0325672 9.9982E-05 0.0178936
0.103605 9.9973E-05 9.9973E-05 0.787798 0.015184 0.00266565 9.9973E-05 0.0730208 0.0174264
9.9955E-05 9.9955E-05 9.9955E-05 9.9955E-05 0.00279891 0.00761001 9.9955E-05 0.97056 0.0185311
9.9955E-05 9.9955E-05 9.9955E-05 0.178144 9.9955E-05 0.010592 9.9955E-05 0.794016 0.0167478
9.9955E-05 0.0217702 9.9955E-05 0.465128 9.9955E-05 9.9955E-05 9.9955E-05 0.427662 0.08494
0.0597639 0.0124474 0.00939149 0.785818 0.0234824 0.0102847 0.0099243 0.0644081 0.0244797
9.9973E-05 0.0214018 9.9973E-05 0.310922 0.00418079 0.0166879 9.9973E-05 0.55634 0.0901677
0.109236 0.0121187 0.00115447 0.512497 0.0178449 9.9973E-05 9.9973E-05 0.346849 9.9973E-05
9.9964E-05 0.0381288 9.9964E-05 0.504155 9.9964E-05 0.000658494 9.9964E-05 0.426532 0.0301265
9.9973E-05 9.9973E-05 0.0070663 0.773799 9.9973E-05 0.0176627 0.0268026 0.051447 0.122923
0.999201 9.993E-05 9.993E-05 9.993E-05 9.993E-05 9.993E-05 9.993E-05 9.993E-05 9.993E-05
0.849581 9.9973E-05 9.9973E-05 0.0934139 9.9973E-05 0.00321454 0.00712275 0.00953731 0.0368307
0.995773 9.99369E-05 9.99369E-05 9.99369E-05 9.99369E-05 0.00352742 9.99369E-05 9.99369E-05 9.99369E-05
9.9937E-05 0.0305398 9.9937E-05 9.9937E-05 9.9937E-05 9.9937E-05 9.9937E-05 0.968761 9.9937E-05
0.368474 9.9955E-05 9.9955E-05 9.9955E-05 9.9955E-05 0.00419875 0.00702817 0.619799 9.9955E-05
0.699445 0.00796197 0.00323641 0.277817 0.00966278 0.00157621 9.9973E-05 9.9973E-05 9.9973E-05
0.0225476 9.9955E-05 0.0120179 9.9955E-05 9.9955E-05 0.0103006 9.9955E-05 0.954634 9.9955E-05
0.0146132 0.000320316 9.9973E-05 0.426406 0.0278056 9.9973E-05 9.9973E-05 0.482122 0.0484322
9.9964E-05 0.0356706 9.9964E-05 0.879074 0.00587229 0.0188917 0.0600914 9.9964E-05 9.9964E-05
0.0218612 0.0913428 9.9991E-05 0.610991 0.0161255 0.0172282 0.0743032 0.0538048 0.114244
9.996E-05 0.0180412 9.996E-05 0.595195 9.996E-05 9.996E-05 0.0303115 0.175983 0.18007
0.999201 9.993E-05 9.993E-05 9.993E-05 9.993E-05 9.993E-05 9.993E-05 9.993E-05 9.993E-05
9.9973E-05 0.0464972 9.9973E-05 0.845727 0.0117212 0.000436033 0.0540572 9.9973E-05 0.0412612
0.0136404 0.139672 9.998E-05 0.138657 0.0229742 0.00712808 9.998E-05 0.197071 0.480657
9.996E-05 0.129728 9.996E-05 0.160679 0.0418751 9.996E-05 0.0872064 9.996E-05 0.580112
0.0251753 0.0897987 9.9964E-05 0.130919 9.9964E-05 9.9964E-05 9.9964E-05 0.0205695 0.733137
9.999E-05 0.0392548 0.018173 0.515237 0.0186432 0.0170986 0.0149079 0.143566 0.23302
9.9973E-05 9.9973E-05 9.9973E-05 0.720339 0.0160453 0.00723869 0.0145805 0.203016 0.0384806
0.0019814 0.0653072 0.0046184 0.80701 9.9973E-05 9.9973E-05 9.9973E-05 0.112033 0.00875067
9.9964E-05 0.0321561 0.0218702 0.903315 0.0217225 0.0205362 9.9964E-05 9.9964E-05 9.9964E-05
9.9973E-05 0.0358364 9.9973E-05 0.567413 0.00222599 0.00364604 9.9973E-05 0.310997 0.0795818
0.0161903 0.00672198 0.00372677 0.79602 0.0118663 0.0136649 0.000458093 0.133333 0.0180179
9.9964E-05 0.252212 9.9964E-05 0.0251276 0.0203669 0.00418916 9.9964E-05 9.9964E-05 0.697705
9.99459E-05 0.0747142 9.99459E-05 9.99459E-05 9.99459E-05 9.99459E-05 0.288662 9.99459E-05 0.636024
9.99459E-05 0.232842 9.99459E-05 9.99459E-05 9.99459E-05 9.99459E-05 0.284348 9.99459E-05 0.482209
9.9964E-05 0.264431 9.9964E-05 9.9964E-05 0.0056578 9.9964E-05 0.047022 0.00168916 0.6808
9.9991E-05 0.360448 0.00170978 0.0252242 0.00195044 0.00171126 0.0699774 0.0114372 0.527441
9.9946E-05 0.123636 9.9946E-05 9.9946E-05 9.9946E-05 9.9946E-05 0.172952 9.9946E-05 0.702813
9.9964E-05 0.155875 9.9964E-05 0.0129244 0.0113807 9.9964E-05 0.0418113 9.9964E-05 0.777609
9.9955E-05 0.243153 9.9955E-05 9.9955E-05 0.00121461 9.9955E-05 0.232224 9.9955E-05 0.522909
9.99369E-05 9.99369E-05 9.99369E-05 9.99369E-05 9.99369E-05 9.99369E-05 0.551636 9.99369E-05 0.447664
9.9946E-05 0.285027 9.9946E-05 9.9946E-05 9.9946E-05 9.9946E-05 0.126318 9.9946E-05 0.588056
9.9946E-05 0.317055 9.9946E-05 9.9946E-05 0.00525095 9.9946E-05 9.9946E-05 9.9946E-05 0.677094
0.0084174 0.331602 9.9973E-05 0.0189204 9.9973E-05 0.00653237 0.0153824 9.9973E-05 0.618845
0.165967 9.9955E-05 9.9955E-05 0.803841 0.00600641 9.9955E-05 9.9955E-05 9.9955E-05 0.0236861
0.142677 9.9982E-05 0.0147026 0.142026 0.00576985 0.0205492 9.9982E-05 0.672559 0.00151597
9.9973E-05 0.0579048 9.9973E-05 0.559754 0.00761001 9.9973E-05 0.00712182 0.363828 0.00348153
9.99368E-05 0.00246085 9.99368E-05 9.99368E-05 9.99368E-05 0.99684 9.99368E-05 9.99368E-05 9.99368E-05
0.0357263 9.9973E-05 9.9973E-05 0.657957 0.0116519 0.0524138 0.00926437 0.232687 9.9973E-05
9.99549E-05 0.0256085 9.99549E-05 0.305035 9.99549E-05 0.576031 9.99549E-05 9.99549E-05 0.0928252
0.56478 9.9982E-05 0.0477696 0.286898 0.0237592 0.0449899 0.00995359 9.9982E-05 0.0216498
0.315838 9.9964E-05 9.9964E-05 0.160208 0.0123597 0.0675382 9.9964E-05 0.443656 9.9964E-05
9.993E-05 9.993E-05 9.993E-05 9.993E-05 9.993E-05 0.999201 9.993E-05 9.993E-05 9.993E-05
0.201783 9.9982E-05 0.0530079 0.0513329 0.0349439 0.0888473 0.0513022 0.518583 9.9982E-05
9.9964E-05 9.9964E-05 9.9964E-05 0.371333 0.00232344 0.0354352 9.9964E-05 0.562062 0.0284467
0.153466 9.9973E-05 0.00289322 0.616279 0.000483308 0.0972603 9.9973E-05 0.129318 9.9973E-05
