0.0465414 0.321916 0.0256808 0.527541 0.0783212
0.0390238 0.180711 0.0189645 0.721847 0.0394532
0.0129919 0.279086 0.038365 0.559249 0.110308
0.0103584 0.032139 0.0440794 0.652711 0.260712
0.0340963 0.268138 0.0439546 0.591105 0.0627061
9.999E-05 0.165636 0.0280026 0.736315 0.0699467
0.0266645 0.141967 0.0106312 0.767734 0.0530037
0.0514002 0.85233 0.0119407 0.0684257 0.0159031
0.0278459 0.759357 0.000982824 0.1477 0.0641149
0.307925 0.682734 0.00914085 9.9982E-05 9.9982E-05
0.099302 0.863883 9.9991E-05 0.0330551 0.00366028
0.135506 0.790351 0.0235507 0.016929 0.0336631
0.0133273 0.902067 0.0129079 0.0249213 0.0467765
0.204958 0.794742 9.9973E-05 9.9973E-05 9.9973E-05
0.123725 0.834304 9.9991E-05 0.00643976 0.0354304
0.0806788 0.752428 9.9991E-05 0.129501 0.0372927
0.366803 0.630753 9.9982E-05 0.00224448 9.9982E-05
0.121085 0.718351 9.9991E-05 0.136035 0.0244291
0.255809 0.714413 0.00744074 0.0222374 9.9991E-05
0.069699 0.653748 0.00591393 0.209418 0.0612206
0.186732 0.708706 0.00431779 0.100144 9.9991E-05
0.106266 0.747765 0.00762853 0.106337 0.0320032
0.179671 0.740707 9.9982E-05 0.0794223 9.9982E-05
0.149967 0.688232 0.00499991 0.156702 9.9991E-05
0.0996583 0.76317 0.0461379 0.0909334 9.9991E-05
0.149132 0.734744 9.9991E-05 0.111087 0.00493813
0.148957 0.746489 9.9991E-05 0.0904089 0.0140456
0.353706 0.645994 9.9973E-05 9.9973E-05 9.9973E-05
0.0500175 0.689919 0.0197459 0.202882 0.0374352
0.0286141 0.0715433 0.00392807 0.853291 0.0426232
0.0125053 0.0721716 9.9991E-05 0.805723 0.1095
0.0514781 0.120461 0.0118175 0.777206 0.0390367
0.0799894 0.557619 0.0161089 0.279536 0.0667473
0.0776963 0.150476 0.00140663 0.740872 0.0295498
0.353732 0.449753 9.9982E-05 0.196315 9.9982E-05
0.0653607 0.653562 0.00276373 0.215167 0.0631463
9.997E-05 9.997E-05 0.9996 9.997E-05 9.997E-05
0.0724027 0.790491 0.0293337 0.0821172 0.0256557
0.0865015 0.725959 0.00975206 0.141145 0.0366425
0.0540216 0.653695 0.012906 0.210898 0.0684796
0.0620315 0.55563 0.0098648 0.289591 0.0828819
0.0184034 0.100512 0.00709062 0.761959 0.112036
0.00925747 0.165257 0.0135865 0.75054 0.0613586
9.9973E-05 0.941448 9.9973E-05 9.9973E-05 0.058252
0.0287403 0.949579 0.0177132 9.9991E-05 0.00386719
0.128195 0.839141 0.0303707 9.9991E-05 0.00219347
0.0482018 0.902455 9.9982E-05 9.9982E-05 0.0491431
9.9982E-05 0.896408 9.9982E-05 0.033579 0.0698133
0.0308593 0.928275 0.00418303 9.9991E-05 0.0365826
0.0843348 0.892794 9.9991E-05 0.0011815 0.02159
0.133265 0.863487 0.00304847 9.9982E-05 9.9982E-05
0.0146655 0.90261 9.9991E-05 0.0295609 0.0530634
9.9982E-05 0.976516 0.00245346 9.9982E-05 0.0208307
0.131779 0.867921 9.9973E-05 9.9973E-05 9.9973E-05
9.9982E-05 9.9982E-05 0.00623787 0.393788 0.599774
0.00851463 9.9991E-05 0.0507128 0.240336 0.700337
9.9982E-05 9.9982E-05 0.0214393 0.418212 0.560149
9.9982E-05 9.9982E-05 0.0286776 0.739638 0.231485
0.0400798 0.000437018 0.02115 0.63269 0.305643
0.0325444 0.060853 0.043316 9.9991E-05 0.863187
9.9982E-05 9.9982E-05 0.0217363 0.675018 0.303046
9.9982E-05 9.9982E-05 0.0658847 0.75734 0.176575
0.129243 0.261481 0.00375879 0.518307 0.0872112
9.9982E-05 9.9982E-05 0.0305746 0.42701 0.542216
0.0127297 0.0990047 0.00356752 0.825784 0.0589139
0.00433718 0.047614 0.0119517 0.814386 0.121711
0.0203048 0.0235898 0.00904491 0.790086 0.156974
0.0331039 9.9982E-05 9.9982E-05 0.754989 0.211707
9.9991E-05 0.0522678 0.0134086 0.791698 0.142525
9.9973E-05 9.9973E-05 9.9973E-05 0.620277 0.379423
0.0047301 0.012587 9.9991E-05 0.714066 0.268517
9.9973E-05 9.9973E-05 9.9973E-05 0.518445 0.481255
9.9973E-05 9.9973E-05 9.9973E-05 0.447078 0.552623
9.9991E-05 0.0258306 0.035012 0.757363 0.181695
9.9982E-05 9.9982E-05 0.0116479 0.452318 0.535834
9.9973E-05 9.9973E-05 9.9973E-05 0.32668 0.67302
0.0373214 0.116007 9.9991E-05 0.783469 0.0631033
9.9982E-05 9.9982E-05 0.0163591 0.84275 0.140691
9.9982E-05 9.9982E-05 0.0414797 0.539288 0.419032
9.9991E-05 0.0464163 0.0382951 0.757607 0.157582
0.00733146 9.9991E-05 0.0337314 0.799133 0.159704
0.0487186 0.0785808 0.0160051 0.820074 0.0366211
9.9982E-05 9.9982E-05 0.0290906 0.79572 0.17499
9.9982E-05 9.9982E-05 0.0386586 0.810949 0.150193
9.9991E-05 0.0363467 0.0207891 0.828866 0.113898
0.702018 0.297682 9.9973E-05 9.9973E-05 9.9973E-05
0.592772 0.406928 9.9973E-05 9.9973E-05 9.9973E-05
0.651805 0.347895 9.99729E-05 9.99729E-05 9.99729E-05
0.593704 0.405996 9.99729E-05 9.99729E-05 9.99729E-05
0.388357 0.611344 9.9973E-05 9.9973E-05 9.9973E-05
0.475767 0.523933 9.9973E-05 9.9973E-05 9.9973E-05
0.15236 0.84734 9.9973E-05 9.9973E-05 9.9973E-05
0.00106471 9.9991E-05 0.0111871 0.640104 0.347545
9.9982E-05 9.9982E-05 0.00647438 0.313763 0.679563
9.9982E-05 9.9982E-05 0.0205336 0.61918 0.360087
9.9973E-05 9.9973E-05 9.9973E-05 0.749502 0.250198
9.9973E-05 9.9973E-05 9.9973E-05 0.682846 0.316854
0.0222779 0.0442021 9.9991E-05 0.814503 0.118917
9.9973E-05 9.9973E-05 9.9973E-05 0.664471 0.335229
9.9991E-05 0.0819098 0.00907606 0.822534 0.0863799
9.9982E-05 9.9982E-05 0.0190539 0.505243 0.475503
9.9982E-05 9.9982E-05 0.00030299 0.633331 0.366166
0.725011 0.274689 9.9973E-05 9.9973E-05 9.9973E-05
0.390639 0.5699 9.9982E-05 0.0392609 9.9982E-05
0.232242 0.7585 0.00171717 0.00744074 9.9991E-05
0.237902 0.687432 0.00853726 0.0624002 0.00372842
0.406607 0.499364 9.9982E-05 0.0938286 9.9982E-05
0.381035 0.562272 0.00242867 0.054165 9.9991E-05
0.985986 9.9973E-05 9.9973E-05 9.9973E-05 0.0137145
0.0354241 9.9991E-05 0.0334389 0.589154 0.341883
0.310506 0.575412 9.9982E-05 0.113881 9.9982E-05
9.9982E-05 0.737686 0.239679 0.0224353 9.9982E-05
0.584579 0.386953 0.00931389 0.0190546 9.9991E-05
0.608484 0.291471 9.9982E-05 0.0998456 9.9982E-05
0.378351 0.469127 0.02474 0.127683 9.9991E-05
0.963451 9.9982E-05 0.00282535 0.0335237 9.9982E-05
0.958018 9.9982E-05 0.0193216 9.9982E-05 0.0224608
0.342881 0.569181 0.00462705 0.0832109 9.9991E-05
0.52426 0.422643 0.0221184 0.0308776 9.9991E-05
0.978499 0.0117681 9.9982E-05 0.0095333 9.9982E-05
0.436875 0.562825 9.9973E-05 9.9973E-05 9.9973E-05
0.989669 9.9973E-05 0.010031 9.9973E-05 9.9973E-05
0.473646 0.526054 9.9973E-05 9.9973E-05 9.9973E-05
0.861536 0.138165 9.9973E-05 9.9973E-05 9.9973E-05
0.187833 0.801394 9.9991E-05 0.00791141 0.00276109
0.0938723 0.777602 9.9991E-05 0.099379 0.0290465
0.27358 9.99729E-05 0.72612 9.99729E-05 9.99729E-05
0.85338 0.114378 0.0276967 9.9991E-05 0.00444541
0.82296 9.9982E-05 0.113678 9.9982E-05 0.0631621
0.0893376 0.0550469 0.0907681 0.709423 0.0554242
0.924605 9.9982E-05 0.0244193 9.9982E-05 0.0507757
0.0783529 0.428197 0.116211 0.377139 9.9991E-05
0.148136 0.512877 0.0488855 0.279145 0.0109559
0.141539 0.827981 9.9991E-05 0.0183297 0.0120496
0.474929 0.334131 0.0128178 0.178023 9.9991E-05
0.131143 0.735658 0.00812487 0.124974 9.9991E-05
0.523984 0.419393 9.9982E-05 0.0564232 9.9982E-05
0.41573 0.138067 0.146507 0.255625 0.0440715
9.9991E-05 0.0219751 0.0205871 0.771692 0.185646
0.239931 0.602783 0.0275612 0.121135 0.00858841
0.28826 0.599189 0.0614988 0.0509526 9.9991E-05
9.9973E-05 9.9973E-05 9.9973E-05 0.642416 0.357284
9.9973E-05 9.9973E-05 9.9973E-05 0.56877 0.43093
0.0200806 9.9991E-05 0.00314654 0.821163 0.155509
0.0084846 0.0796901 9.9991E-05 0.824903 0.0868227
9.9982E-05 9.9982E-05 0.000144665 0.52555 0.474106
0.0423033 0.0952284 9.9991E-05 0.809759 0.0526095
9.9991E-05 0.047654 0.00357884 0.812013 0.136654
9.9973E-05 9.9973E-05 9.9973E-05 0.667539 0.332161
9.9982E-05 9.9982E-05 0.00546608 0.745075 0.249259
9.9982E-05 0.102311 9.9982E-05 0.753634 0.143855
0.0191971 0.0549284 0.0163526 0.828351 0.0811707
9.9982E-05 0.086085 9.9982E-05 0.753861 0.159854
9.9991E-05 0.00998461 0.0264392 0.784128 0.179348
0.0159981 0.0564266 9.9991E-05 0.821612 0.105863
0.0437537 0.127652 9.99984E-05 0.786682 0.0418124
9.9973E-05 9.9973E-05 0.0256142 9.9973E-05 0.974086
0.0189678 9.9991E-05 0.0378798 0.206707 0.736345
9.9973E-05 9.9973E-05 9.9973E-05 0.0215658 0.978134
0.0122283 9.9982E-05 9.9982E-05 0.682518 0.305054
9.9982E-05 9.9982E-05 0.0165736 0.429842 0.553385
9.9982E-05 9.9982E-05 0.0427778 0.369042 0.58798
0.0133983 9.9991E-05 0.000300994 0.485828 0.500373
9.9991E-05 0.0461021 0.0141844 0.791196 0.148418
0.0330928 0.104497 0.0056301 0.840474 0.0163059
0.0837029 0.223988 0.00776469 0.618363 0.0661806
0.067862 0.165384 9.9991E-05 0.713736 0.0529175
9.9973E-05 9.9973E-05 0.0330269 9.9973E-05 0.966673
0.0505214 0.123876 9.9982E-05 0.825403 9.9982E-05
0.0748247 0.494627 0.0063152 0.357284 0.0669489
0.205917 0.553436 9.9982E-05 0.240447 9.9982E-05
0.0922832 0.667297 0.000989718 0.218175 0.0212558
0.056766 0.245316 9.9991E-05 0.610904 0.0869141
0.0586588 0.012858 0.00190737 0.884098 0.0424777
0.0225749 0.0840759 0.000357589 0.838921 0.0540704
9.9991E-05 0.0943577 0.0132452 0.843978 0.0483193
0.0254543 0.084819 0.00416332 0.848974 0.0365899
9.9991E-05 0.0556301 0.0172461 0.867245 0.0597786
0.1065 0.796541 9.9982E-05 0.0967599 9.9982E-05
0.420947 0.562276 9.9982E-05 0.0165767 9.9982E-05
0.410589 0.589111 9.9973E-05 9.9973E-05 9.9973E-05
0.163599 0.768904 0.000591114 0.0668067 9.9991E-05
0.174111 0.744246 0.00288557 0.0786578 9.9991E-05
0.288162 0.662867 9.9982E-05 0.0487718 9.9982E-05
0.188842 0.723571 9.9982E-05 0.087387 9.9982E-05
0.345139 0.62102 9.9982E-05 0.0336417 9.9982E-05
0.673206 0.322606 9.9982E-05 9.9982E-05 0.00398852
0.250292 0.713678 9.9982E-05 0.0358304 9.9982E-05
0.0923386 0.866612 0.0130768 0.027873 9.9991E-05
0.11725 0.811157 0.00140171 0.0512494 0.0189422
0.0101698 0.0475465 0.000813456 0.790607 0.150863
9.9982E-05 9.9982E-05 0.0145046 0.620225 0.36507
0.0206505 0.0541056 9.9991E-05 0.834363 0.0907806
9.99819E-05 0.0617118 9.99819E-05 0.0110481 0.92704
0.0315288 9.9982E-05 9.9982E-05 0.79337 0.174902
9.9982E-05 0.14641 9.9982E-05 0.433732 0.419658
0.0387256 9.9991E-05 0.0701472 0.344963 0.546065
9.9982E-05 9.9982E-05 0.0166604 0.464238 0.518902
9.997E-05 9.997E-05 9.997E-05 9.997E-05 0.9996
0.0558571 9.9991E-05 0.0674427 0.411657 0.464943
0.0264975 9.9982E-05 9.9982E-05 0.792085 0.181217
9.9982E-05 9.9982E-05 0.0175599 0.70107 0.28117
