0.0510621 0.321817 9.9991E-05 0.284765 0.0155352 0.029887 0.0144248 0.052604 0.229805
0.00624512 0.157436 9.9964E-05 0.272384 9.9964E-05 9.9964E-05 0.0340241 9.9964E-05 0.529511
0.113789 0.129071 9.9964E-05 9.9964E-05 0.0148772 9.9964E-05 0.0379467 9.9964E-05 0.703916
0.0314467 9.9991E-05 0.0140547 0.271296 0.0263367 0.115618 0.00825118 0.244758 0.288139
0.0191117 0.251268 9.9973E-05 0.109902 0.00624849 9.9973E-05 0.0468264 9.9973E-05 0.566343
0.0618274 0.050165 0.0159318 0.82667 0.00309303 0.0411146 9.9982E-05 9.9982E-05 0.000998588
9.9973E-05 0.0691629 0.0261689 0.847942 9.9973E-05 9.9973E-05 0.0319896 0.000571519 0.0238655
0.474366 0.429741 9.99607E-05 0.0815938 9.99607E-05 9.99607E-05 9.99607E-05 9.99607E-05 0.0137992
0.320235 0.478017 9.9982E-05 0.127237 0.0093282 0.0116184 9.9982E-05 0.0464829 0.00688188
0.61998 0.164914 0.0249707 9.9955E-05 9.9955E-05 9.9955E-05 0.189635 9.9955E-05 9.9955E-05
0.544205 0.391508 0.0115198 0.0373788 9.9982E-05 9.9982E-05 0.00534836 0.00463905 0.00520117
0.489839 0.368589 9.9982E-05 0.0137645 0.00617378 0.00853734 0.0739605 9.9982E-05 0.0389358
0.541045 0.323079 0.0284379 0.106939 9.996E-05 9.996E-05 9.996E-05 9.996E-05 9.996E-05
0.56292 0.344905 9.99459E-05 9.99459E-05 9.99459E-05 9.99459E-05 0.0915757 9.99459E-05 9.99459E-05
0.358948 0.598087 0.015031 9.9973E-05 0.000487397 0.00442526 0.0227211 9.9973E-05 9.9973E-05
0.192278 0.672777 0.0193502 0.0540346 9.9973E-05 0.0197187 9.9973E-05 9.9973E-05 0.041542
0.329832 0.407249 0.0290461 9.99549E-05 9.99549E-05 9.99549E-05 0.233373 9.99549E-05 9.99549E-05
0.353194 0.43799 0.0235475 0.101742 0.00260041 9.9991E-05 0.035239 0.00892499 0.0366626
0.36901 0.452248 0.0499456 9.9955E-05 9.9955E-05 9.9955E-05 0.128296 9.9955E-05 9.9955E-05
0.178285 0.568187 0.0312891 0.00532192 0.00748033 0.00277676 9.9991E-05 0.0906023 0.115958
0.219458 0.652748 0.0480094 9.997E-05 9.997E-05 9.997E-05 0.0417492 0.000645406 0.0370902
0.179225 0.725829 9.9982E-05 9.9982E-05 0.000482146 0.0284988 0.0185885 0.0154248 0.0317514
0.274175 0.60889 9.9955E-05 0.0353897 9.9955E-05 9.9955E-05 0.081046 9.9955E-05 9.9955E-05
0.0568611 0.733501 0.0805554 0.0855463 9.9964E-05 9.9964E-05 0.0431366 9.9964E-05 9.9964E-05
9.9955E-05 0.926092 0.0219496 9.9955E-05 9.9955E-05 0.0331132 0.0183451 9.9955E-05 9.9955E-05
0.0570472 0.890926 9.9955E-05 9.9955E-05 9.9955E-05 9.9955E-05 0.0310874 0.0204398 9.9955E-05
0.273134 0.609708 9.9973E-05 0.0342673 0.00534249 9.9973E-05 0.0483125 0.0289361 9.9973E-05
0.175101 0.602241 0.0274743 9.99549E-05 9.99549E-05 9.99549E-05 0.194685 9.99549E-05 9.99549E-05
0.193696 0.595548 9.9964E-05 9.9964E-05 9.9964E-05 0.0285225 9.9964E-05 0.0370732 0.144761
0.0368028 9.9955E-05 9.9955E-05 0.946721 0.00170547 9.9955E-05 0.0142706 9.9955E-05 9.9955E-05
0.0579217 9.9964E-05 9.9964E-05 0.577821 0.00397159 9.9964E-05 9.9964E-05 0.179949 0.179936
0.0670036 0.0559709 0.00926652 0.680395 0.00627529 9.9982E-05 0.0342527 0.146636 9.9982E-05
0.0141979 0.643982 0.0359701 0.215248 0.0266582 0.0377107 0.00252839 0.0236054 9.9991E-05
0.0594807 0.107331 0.0192073 0.579728 0.0108493 9.9991E-05 0.022306 0.046325 0.154673
9.99459E-05 9.99459E-05 0.975348 0.00612764 9.99459E-05 9.99459E-05 9.99459E-05 0.017925 9.99459E-05
0.136003 0.619843 0.0212412 0.0216121 0.000148558 0.0308152 9.9991E-05 0.0889025 0.0813344
9.99371E-05 9.99371E-05 9.99371E-05 9.99371E-05 9.99371E-05 0.585099 0.414201 9.99371E-05 9.99371E-05
0.172283 0.740093 9.9982E-05 9.9982E-05 0.00883146 0.031155 0.0136201 0.00201701 0.0318007
0.316369 0.462597 0.069065 0.0419253 9.997E-05 0.0439747 9.997E-05 9.997E-05 0.0657688
9.9982E-05 0.752252 0.0185593 0.123142 0.0126336 0.0272705 9.9982E-05 0.0626537 0.00328908
0.165918 0.447549 0.0483332 0.0174937 0.00723197 0.0151375 9.999E-05 0.214251 0.0839851
0.0594398 9.9973E-05 9.9973E-05 0.72713 0.0203228 0.0466289 0.00531361 9.9973E-05 0.140865
0.0279335 0.0771746 0.0113297 0.601437 0.00898263 9.999E-05 0.0251963 0.0384939 0.209352
0.863204 9.99639E-05 9.99639E-05 0.101676 0.00340465 9.99639E-05 9.99639E-05 0.00963478 0.0216812
0.93307 9.9955E-05 0.0014429 9.9955E-05 0.00773401 9.9955E-05 9.9955E-05 9.9955E-05 0.0572532
0.875025 9.9973E-05 0.0148175 9.9973E-05 0.0172349 0.0101109 0.046454 9.9973E-05 0.0360578
0.53182 0.394404 0.0063461 9.9964E-05 0.0112731 9.9964E-05 9.9964E-05 9.9964E-05 0.0557571
0.722297 0.0827178 0.0195466 0.13531 9.9964E-05 9.9964E-05 9.9964E-05 0.0397286 9.9964E-05
0.543334 0.387567 0.0123342 9.9964E-05 0.0111289 9.9964E-05 9.9964E-05 9.9964E-05 0.0452356
0.816218 0.110594 0.0139478 0.0339042 9.9964E-05 9.9964E-05 9.9964E-05 0.0249366 9.9964E-05
0.956039 9.9964E-05 9.9964E-05 9.9964E-05 9.9964E-05 0.00936532 0.0175683 0.00374137 0.0128859
0.662029 0.204497 9.9973E-05 0.080305 0.00572533 9.9973E-05 9.9973E-05 0.0146656 0.0324782
0.905489 9.9955E-05 9.9955E-05 0.0648419 9.9955E-05 9.9955E-05 9.9955E-05 0.00391429 0.0252551
0.932883 9.9955E-05 9.9955E-05 9.9955E-05 0.00589992 9.9955E-05 0.0326107 0.0281066 9.9955E-05
9.99639E-05 9.99639E-05 9.99639E-05 0.276634 0.025941 0.477576 9.99639E-05 0.0565171 0.162933
9.9964E-05 0.0102138 9.9964E-05 9.9964E-05 0.0222357 0.575219 9.9964E-05 0.0727389 0.319192
9.995E-05 9.995E-05 9.995E-05 9.995E-05 0.0313699 0.333782 9.995E-05 0.135024 0.499324
9.9955E-05 9.9955E-05 9.9955E-05 0.232078 0.0369531 0.139204 9.9955E-05 9.9955E-05 0.591265
9.9955E-05 9.9955E-05 9.9955E-05 9.9955E-05 0.0294103 0.103226 0.0159632 9.9955E-05 0.8509
9.99639E-05 0.0993042 9.99639E-05 0.0479357 0.0249898 0.794907 9.99639E-05 0.0324635 9.99639E-05
9.9955E-05 9.9955E-05 9.9955E-05 0.601027 0.0358636 0.237855 9.9955E-05 9.9955E-05 0.124754
9.9955E-05 9.9955E-05 9.9955E-05 9.9955E-05 9.9955E-05 0.094445 0.0142513 0.0152166 0.875587
0.127652 0.179619 0.0369067 0.454609 0.0303967 0.0559511 0.0538881 0.0504328 0.0105449
9.99459E-05 9.99459E-05 9.99459E-05 9.99459E-05 0.0450395 0.383508 9.99459E-05 9.99459E-05 0.570853
0.0130904 0.0560274 0.000716468 0.580705 0.00304145 9.9982E-05 0.00238933 9.9982E-05 0.34383
0.0361526 9.9973E-05 0.000865222 0.384074 0.0135949 9.9973E-05 9.9973E-05 0.189476 0.375537
9.9982E-05 0.0031454 0.0115071 0.541205 9.9982E-05 0.0915869 0.000796191 0.0824107 0.269149
9.9955E-05 9.9955E-05 9.9955E-05 0.728882 0.017929 0.110027 9.9955E-05 0.142662 9.9955E-05
9.9946E-05 9.9946E-05 0.00858617 0.890894 9.9946E-05 0.0999202 9.9946E-05 9.9946E-05 9.9946E-05
9.9955E-05 9.9955E-05 9.9955E-05 9.9955E-05 0.0187192 0.0977575 9.9955E-05 0.462992 0.420032
9.9955E-05 0.0259319 0.0106902 0.242712 9.9955E-05 9.9955E-05 9.9955E-05 0.720167 9.9955E-05
9.9955E-05 9.9955E-05 9.9955E-05 9.9955E-05 0.048679 0.163764 9.9955E-05 0.45261 0.334448
9.99639E-05 9.99639E-05 9.99639E-05 0.00715992 0.0323384 0.217706 9.99639E-05 0.609212 0.133183
0.00802515 9.9955E-05 9.9955E-05 0.692761 9.9955E-05 0.146571 9.9955E-05 0.152143 9.9955E-05
9.9955E-05 9.9955E-05 9.9955E-05 9.9955E-05 0.0208337 0.270047 9.9955E-05 0.388058 0.320562
9.99549E-05 9.99549E-05 9.99549E-05 0.154762 0.0581659 0.385225 9.99549E-05 0.401347 9.99549E-05
0.0111721 0.110058 9.9982E-05 0.717584 0.000200064 0.0156215 0.00454806 9.9982E-05 0.140616
9.9955E-05 9.9955E-05 0.0203686 9.9955E-05 0.0042454 9.9955E-05 9.9955E-05 0.18412 0.790766
9.9955E-05 9.9955E-05 9.9955E-05 9.9955E-05 0.0207731 0.248222 9.9955E-05 0.176687 0.553819
0.0377684 9.9982E-05 0.00550685 0.0198266 0.00652482 0.0512119 9.9982E-05 0.0121027 0.866859
9.9973E-05 9.9973E-05 0.00107981 0.207043 0.00480185 0.0735008 9.9973E-05 0.0305547 0.68272
0.0462898 0.0429099 0.0309662 0.630088 9.9982E-05 0.004175 9.9982E-05 0.14203 0.103342
9.9946E-05 9.9946E-05 9.9946E-05 9.9946E-05 0.0138423 0.0592621 9.9946E-05 9.9946E-05 0.926296
9.9964E-05 0.00191241 9.9964E-05 9.9964E-05 0.00413055 9.9964E-05 0.00582557 0.207047 0.780684
0.0029696 0.0254027 0.00839529 0.0385524 9.9973E-05 0.0267793 9.9973E-05 9.9973E-05 0.897601
0.522498 9.99368E-05 9.99368E-05 9.99368E-05 9.99368E-05 9.99368E-05 0.476802 9.99368E-05 9.99368E-05
0.61897 9.99459E-05 0.00886866 9.99459E-05 9.99459E-05 9.99459E-05 0.371562 9.99459E-05 9.99459E-05
0.554969 9.99368E-05 9.99368E-05 9.99368E-05 9.99368E-05 9.99368E-05 0.444332 9.99368E-05 9.99368E-05
0.596832 9.99459E-05 0.000418104 9.99459E-05 9.99459E-05 9.99459E-05 0.40215 9.99459E-05 9.99459E-05
0.547632 0.206646 0.0155393 0.00092193 9.99639E-05 9.99639E-05 0.228861 9.99639E-05 9.99639E-05
0.686629 9.99459E-05 0.0323257 9.99459E-05 9.99459E-05 9.99459E-05 0.280446 9.99459E-05 9.99459E-05
0.990172 9.99369E-05 9.99369E-05 9.99369E-05 9.99369E-05 9.99369E-05 0.00912807 9.99369E-05 9.99369E-05
9.99549E-05 9.99549E-05 9.99549E-05 0.593971 0.0173216 0.252481 9.99549E-05 0.135728 9.99549E-05
9.99459E-05 9.99459E-05 9.99459E-05 9.99459E-05 0.0139424 0.321828 9.99459E-05 0.66363 9.99459E-05
0.0105367 9.9973E-05 9.9973E-05 0.0741564 0.0240118 0.0175892 0.00137518 0.872031 9.9973E-05
9.9955E-05 9.9955E-05 9.9955E-05 0.596551 0.0297659 0.084009 9.9955E-05 0.289174 9.9955E-05
9.9955E-05 9.9955E-05 9.9955E-05 0.532134 0.0156233 0.143678 9.9955E-05 0.308065 9.9955E-05
0.0226107 9.9964E-05 9.9964E-05 0.848973 0.00592272 0.0400711 9.9964E-05 0.0820229 9.9964E-05
9.9964E-05 9.9964E-05 0.0152052 0.00655988 0.0228151 9.9964E-05 9.9964E-05 0.846099 0.10892
0.0239991 0.0407596 9.9973E-05 0.444285 0.00482242 9.9973E-05 9.9973E-05 0.13968 0.346154
9.9955E-05 9.9955E-05 9.9955E-05 9.9955E-05 0.00281355 0.0410118 0.00676506 0.94891 9.9955E-05
9.9955E-05 9.9955E-05 9.9955E-05 0.356467 0.0647531 0.100384 9.9955E-05 0.477895 9.9955E-05
0.223397 0.211473 9.99459E-05 9.99459E-05 9.99459E-05 9.99459E-05 0.56453 9.99459E-05 9.99459E-05
9.994E-05 0.754463 0.00715886 9.994E-05 9.994E-05 9.994E-05 0.237778 9.994E-05 9.994E-05
0.335888 0.530693 0.00639133 9.9955E-05 9.9955E-05 9.9955E-05 0.126528 9.9955E-05 9.9955E-05
0.208072 0.654045 9.9964E-05 9.9964E-05 0.0045534 9.9964E-05 0.113731 9.9964E-05 0.019199
9.9955E-05 0.745176 9.9955E-05 9.9955E-05 0.000861441 9.9955E-05 0.24814 0.00532315 9.9955E-05
9.99369E-05 0.776834 9.99369E-05 9.99369E-05 9.99369E-05 9.99369E-05 0.222466 9.99369E-05 9.99369E-05
9.99459E-05 0.108377 9.99459E-05 0.0183847 9.99459E-05 9.99459E-05 0.872638 9.99459E-05 9.99459E-05
9.9973E-05 0.0143149 0.0138653 0.53284 0.0178037 0.269366 9.9973E-05 0.151511 9.9973E-05
9.9955E-05 0.807429 9.9955E-05 0.010277 0.0103949 9.9955E-05 0.1714 9.9955E-05 9.9955E-05
0.181118 0.565763 0.0392062 9.9964E-05 9.9964E-05 0.10899 0.104522 9.9964E-05 9.9964E-05
0.0902075 0.465789 0.0234486 9.99549E-05 9.99549E-05 9.99549E-05 0.420055 9.99549E-05 9.99549E-05
9.99369E-05 9.99369E-05 0.99306 9.99369E-05 9.99369E-05 9.99369E-05 0.00624075 9.99369E-05 9.99369E-05
9.9964E-05 0.687069 0.0365811 9.9964E-05 9.9964E-05 9.9964E-05 0.228892 0.0208341 0.0262237
0.0164561 0.143946 0.125328 9.99549E-05 9.99549E-05 9.99549E-05 0.71377 9.99549E-05 9.99549E-05
9.99369E-05 0.221952 9.99369E-05 9.99369E-05 9.99369E-05 9.99369E-05 0.777349 9.99369E-05 9.99369E-05
9.9946E-05 0.81241 0.00549939 9.9946E-05 9.9946E-05 9.9946E-05 0.181491 9.9946E-05 9.9946E-05
0.106498 0.481283 0.016557 9.99549E-05 9.99549E-05 9.99549E-05 0.395162 9.99549E-05 9.99549E-05
0.131138 0.094253 9.99459E-05 9.99459E-05 9.99459E-05 9.99459E-05 0.774009 9.99459E-05 9.99459E-05
0.397147 0.300478 9.99459E-05 9.99459E-05 9.99459E-05 9.99459E-05 0.301775 9.99459E-05 9.99459E-05
0.152746 9.99459E-05 0.0278459 9.99459E-05 9.99459E-05 9.99459E-05 0.818809 9.99459E-05 9.99459E-05
0.625912 0.0552033 0.0220936 9.99549E-05 9.99549E-05 9.99549E-05 0.296291 9.99549E-05 9.99549E-05
0.361201 9.994E-05 0.0237597 9.994E-05 9.994E-05 9.994E-05 0.61444 9.994E-05 9.994E-05
0.488847 0.435826 0.0280584 9.9955E-05 9.9955E-05 9.9955E-05 0.0467689 9.9955E-05 9.9955E-05
0.51165 0.30192 0.039517 0.0722779 0.00106767 9.9982E-05 0.00986068 0.0635073 9.9982E-05
9.9937E-05 9.9937E-05 9.9937E-05 9.9937E-05 9.9937E-05 0.322517 0.676784 9.9937E-05 9.9937E-05
9.99459E-05 0.295124 0.0376964 9.99459E-05 9.99459E-05 9.99459E-05 0.66658 9.99459E-05 9.99459E-05
9.99639E-05 9.99639E-05 9.99639E-05 0.0134736 0.0208945 0.0468188 0.886364 0.0320496 9.99639E-05
9.9955E-05 0.014106 0.00145502 9.9955E-05 9.9955E-05 9.9955E-05 0.142969 9.9955E-05 0.84097
9.99549E-05 0.0284006 0.152928 9.99549E-05 9.99549E-05 9.99549E-05 0.78074 0.0374312 9.99549E-05
9.9955E-05 0.470259 9.9955E-05 9.9955E-05 0.00469449 9.9955E-05 0.111319 9.9955E-05 0.413228
9.9973E-05 0.617907 0.0951219 9.9973E-05 0.00552657 0.042863 0.0487262 9.9973E-05 0.189556
0.469744 0.460021 0.0303107 9.9973E-05 0.00546151 9.9973E-05 0.0275868 0.0065761 9.9973E-05
9.9973E-05 0.536428 0.0566686 0.0120972 0.00620094 9.9973E-05 0.303985 9.9973E-05 0.0843204
0.161527 0.729117 0.0236661 0.0406867 9.998E-05 0.00550879 0.0230069 0.0162871 9.998E-05
0.006245 0.649379 0.00795933 9.99549E-05 9.99549E-05 9.99549E-05 0.335917 9.99549E-05 9.99549E-05
9.9964E-05 0.211941 0.0129714 9.9964E-05 9.9964E-05 0.0648972 0.415583 9.9964E-05 0.294207
0.00377628 9.996E-05 9.996E-05 0.287829 0.00531614 0.103708 9.996E-05 9.996E-05 0.59897
9.9982E-05 0.815414 0.022878 0.0048601 0.0191238 0.01946 0.115797 0.00226778 9.9982E-05
0.0667575 0.658934 0.0279146 9.9964E-05 9.9964E-05 9.9964E-05 0.22476 9.9964E-05 0.0212339
9.9964E-05 9.9964E-05 9.9964E-05 0.0778332 0.028049 0.00783362 9.9964E-05 0.689249 0.196635
9.9937E-05 9.9937E-05 9.9937E-05 9.9937E-05 9.9937E-05 0.0183233 9.9937E-05 0.980977 9.9937E-05
0.000389052 9.9964E-05 9.9964E-05 0.596501 9.9964E-05 0.0466768 9.9964E-05 0.284135 0.0718984
9.9955E-05 0.073955 9.9955E-05 0.60463 9.9955E-05 9.9955E-05 9.9955E-05 0.194414 0.126501
9.9955E-05 9.9955E-05 9.9955E-05 0.164869 0.0251516 0.14378 9.9955E-05 0.665699 9.9955E-05
9.9964E-05 0.130496 9.9964E-05 0.533497 0.00224886 9.9964E-05 9.9964E-05 0.120585 0.212774
9.9964E-05 9.9964E-05 0.015736 0.843139 9.9964E-05 0.106387 9.9964E-05 0.0313823 0.00295568
0.00198355 9.9955E-05 0.00741987 0.123978 9.9955E-05 9.9955E-05 9.9955E-05 0.866119 9.9955E-05
9.9946E-05 0.0231125 9.9946E-05 0.23662 9.9946E-05 9.9946E-05 9.9946E-05 0.739668 9.9946E-05
0.0181182 0.0818908 9.9955E-05 0.493998 9.9955E-05 9.9955E-05 9.9955E-05 0.405493 9.9955E-05
0.011026 0.0127072 9.9982E-05 0.590251 9.9982E-05 0.00877216 0.00986413 0.0224622 0.344717
9.9955E-05 0.0669024 9.9955E-05 0.580117 0.0209989 9.9955E-05 9.9955E-05 0.331482 9.9955E-05
0.0247314 9.9955E-05 9.9955E-05 9.9955E-05 9.9955E-05 0.00333066 9.9955E-05 0.36723 0.604208
0.031213 9.9964E-05 0.00383722 0.726539 0.00698975 9.9964E-05 9.9964E-05 0.231021 9.9964E-05
0.0380238 0.0706519 0.011488 0.851763 0.0105046 0.00474173 0.0126272 9.9982E-05 9.9982E-05
9.99368E-05 9.99368E-05 9.99368E-05 9.99368E-05 9.99368E-05 0.921548 9.99368E-05 0.0777525 9.99368E-05
9.99459E-05 9.99459E-05 0.0106048 0.277029 9.99459E-05 0.711767 9.99459E-05 9.99459E-05 9.99459E-05
9.99549E-05 9.99549E-05 9.99549E-05 0.0519984 0.00891537 0.789898 9.99549E-05 0.148688 9.99549E-05
0.0218482 0.0263855 9.9946E-05 9.9946E-05 9.9946E-05 9.9946E-05 9.9946E-05 0.951167 9.9946E-05
9.9964E-05 9.9964E-05 9.9964E-05 9.9964E-05 0.0059318 0.206047 0.00602313 0.781498 9.99691E-05
9.9964E-05 9.9964E-05 9.9964E-05 0.0857814 0.0186742 0.496379 9.9964E-05 0.0168533 0.381912
9.9946E-05 9.9946E-05 9.9946E-05 9.9946E-05 0.00751837 9.9946E-05 0.00426783 0.987614 9.9946E-05
9.9964E-05 0.0291152 9.9964E-05 0.544037 9.9964E-05 0.0387931 9.9964E-05 0.269757 0.117898
0.02361 0.125922 9.99639E-05 0.00153472 0.0055762 9.99639E-05 9.99639E-05 9.99639E-05 0.842957
0.110263 0.137722 9.9982E-05 0.453789 0.0205761 9.9982E-05 0.0448342 0.0730077 0.159607
0.114617 0.0550397 0.0269945 0.658622 0.0101925 9.9982E-05 0.0104615 0.123873 9.9982E-05
9.99368E-05 9.99368E-05 9.99368E-05 0.0671187 9.99368E-05 0.932182 9.99368E-05 9.99368E-05 9.99368E-05
0.0221086 0.176969 9.99459E-05 9.99459E-05 9.99459E-05 9.99459E-05 9.99459E-05 9.99459E-05 0.800323
0.0714472 0.531552 0.0349722 9.9964E-05 9.9964E-05 9.9964E-05 9.9964E-05 0.234834 0.126794
0.0816841 0.624092 0.0466582 9.996E-05 9.996E-05 9.996E-05 0.0708872 9.996E-05 0.176279
0.044742 0.774958 0.00682692 0.0526873 9.9973E-05 0.0147939 9.9973E-05 9.9973E-05 0.105692
0.0804634 0.141765 0.0190238 0.707402 0.0107374 0.0133303 0.027078 9.9982E-05 9.9982E-05
9.9973E-05 0.0168464 0.0279127 0.750165 9.9973E-05 9.9973E-05 0.00853069 0.11465 0.0815952
0.0590511 9.9964E-05 0.00666199 0.723194 9.9964E-05 9.9964E-05 9.9964E-05 0.00177847 0.208914
0.0221023 9.9973E-05 9.9973E-05 0.943021 0.00368238 0.00673995 0.0103166 9.9973E-05 0.0138382
9.9964E-05 0.0828304 9.9964E-05 0.771107 0.00914287 9.9964E-05 0.00316482 0.133355 9.9964E-05
9.9973E-05 9.9973E-05 0.00728743 0.754974 9.9973E-05 0.00900184 0.00463131 0.00180276 0.222003
0.186461 0.731064 0.0495381 9.9955E-05 9.9955E-05 9.9955E-05 9.9955E-05 9.9955E-05 0.0324365
0.0900504 0.603668 0.0612266 9.99549E-05 9.99549E-05 9.99549E-05 0.244556 9.99549E-05 9.99549E-05
0.20723 0.503002 0.057498 9.99549E-05 9.99549E-05 9.99549E-05 0.23177 9.99549E-05 9.99549E-05
0.194275 0.732079 9.9955E-05 0.0108695 9.9955E-05 9.9955E-05 0.0622769 9.9955E-05 9.9955E-05
0.258255 0.673199 9.9955E-05 9.9955E-05 9.9955E-05 0.0143014 0.0537444 9.9955E-05 9.9955E-05
0.151582 0.635786 0.0779405 9.99549E-05 9.99549E-05 9.99549E-05 0.134192 9.99549E-05 9.99549E-05
0.0712955 0.858502 0.0106541 9.9964E-05 9.9964E-05 0.0123517 0.0467973 9.9964E-05 9.9964E-05
0.242413 0.537646 0.0284496 9.99549E-05 9.99549E-05 9.99549E-05 0.190992 9.99549E-05 9.99549E-05
0.0483305 0.453647 0.0455173 9.99549E-05 9.99549E-05 9.99549E-05 0.452005 9.99549E-05 9.99549E-05
0.221774 0.656678 0.00771261 9.9955E-05 9.9955E-05 9.9955E-05 0.113336 9.9955E-05 9.9955E-05
0.276211 0.679007 0.0386538 9.9955E-05 9.9955E-05 9.9955E-05 0.00562889 9.9955E-05 9.9955E-05
0.250645 0.710021 0.0145274 9.9964E-05 9.9964E-05 0.023174 0.00123322 9.9964E-05 9.9964E-05
0.00501539 9.9964E-05 0.00144737 0.779776 9.9964E-05 0.0943108 9.9964E-05 9.9964E-05 0.119051
9.9964E-05 9.9964E-05 9.9964E-05 9.9964E-05 0.0286457 0.0722555 0.00283892 0.544589 0.351271
0.0398463 9.9982E-05 0.00338246 0.720027 0.00233803 9.9982E-05 0.000304694 0.157906 0.0759957
9.993E-05 9.993E-05 9.993E-05 9.993E-05 0.999201 9.993E-05 9.993E-05 9.993E-05 9.993E-05
9.9973E-05 9.9973E-05 0.0034393 0.567758 0.0401922 0.032813 9.9973E-05 0.120839 0.234659
9.99458E-05 0.124534 9.99458E-05 0.326115 0.548751 9.99458E-05 9.99458E-05 9.99458E-05 9.99458E-05
9.9973E-05 9.9973E-05 0.0402551 0.259459 0.0493112 0.517978 0.0141865 9.9973E-05 0.11851
9.9955E-05 9.9955E-05 9.9955E-05 9.9955E-05 0.0873327 0.183088 9.9955E-05 0.429953 0.299126
9.993E-05 9.993E-05 9.993E-05 9.993E-05 0.999201 9.993E-05 9.993E-05 9.993E-05 9.993E-05
9.9982E-05 9.9982E-05 0.00387058 0.054799 0.105949 0.295406 0.0612653 0.0283358 0.450175
9.9964E-05 9.9964E-05 0.0236207 0.327682 0.0227537 9.9964E-05 9.9964E-05 0.380677 0.244866
9.9964E-05 9.9964E-05 9.9964E-05 0.0485377 0.0966916 0.0349006 9.9964E-05 0.133708 0.685762
