0.338447 0.099943 0.519775 0.041835
0.144968 0.0438478 0.752594 0.0585902
0.236762 0.108745 0.587978 0.0665149
0.0298401 0.272844 0.666413 0.0309031
0.215467 0.0677604 0.625958 0.090815
0.14436 0.0907908 0.745868 0.0189819
0.0957012 0.0376735 0.800896 0.0657297
0.840222 0.0132184 0.0799903 0.0665692
0.746228 0.0515738 0.163986 0.038212
0.72231 9.9982E-05 9.9982E-05 0.27749
0.867067 9.9991E-05 0.0462206 0.0866129
0.785283 0.0345581 0.0281573 0.152002
0.897464 0.0389629 0.0351885 0.0283844
0.820503 9.9982E-05 9.9982E-05 0.179297
0.877541 0.0243138 9.9991E-05 0.0980457
0.764119 0.042505 0.12043 0.0729459
0.685829 9.9982E-05 9.9982E-05 0.313971
0.726093 0.0235215 0.140354 0.110032
0.753457 9.9991E-05 0.00700972 0.239433
0.675536 0.0527298 0.207986 0.063748
0.754182 9.9991E-05 0.088361 0.157357
0.744299 0.0304819 0.12057 0.104649
0.757199 9.9991E-05 0.07332 0.169381
0.683891 9.9991E-05 0.155578 0.160431
0.733358 0.00910355 0.107489 0.150049
0.754452 9.9991E-05 0.115681 0.129767
0.764912 0.0162498 0.080136 0.138702
0.705228 9.9982E-05 9.9982E-05 0.294572
0.687165 0.0532696 0.197837 0.0617291
0.0853791 0.0601043 0.836198 0.0183187
0.0545043 0.0804822 0.843719 0.021295
0.13215 0.0579955 0.754637 0.0552175
0.546083 0.0662814 0.300494 0.0871415
0.170599 0.0647484 0.69988 0.064772
0.529212 9.9991E-05 0.191826 0.278862
0.646678 0.0614703 0.218179 0.0736731
9.9982E-05 0.562577 9.9982E-05 0.437223
0.786872 0.0427395 0.0807401 0.0896482
0.744549 0.0438242 0.134365 0.0772623
0.649388 0.0475783 0.246387 0.0566466
0.574304 0.110316 0.264788 0.0505922
0.091373 0.105063 0.783488 0.0200752
0.138194 0.0664255 0.761923 0.0334572
0.947356 0.0524442 9.9982E-05 9.9982E-05
0.947163 0.016236 9.9991E-05 0.0365011
0.850775 0.0204806 9.9991E-05 0.128644
0.922107 0.0487023 9.9991E-05 0.029091
0.890794 0.0556003 0.0435034 0.0101026
0.922312 0.0303964 0.0110936 0.0361978
0.912928 0.0226253 9.9991E-05 0.0643466
0.882242 9.9982E-05 9.9982E-05 0.117558
0.894186 0.0485426 0.0375243 0.0197471
0.968081 0.0317189 9.9982E-05 9.9982E-05
0.891563 9.9982E-05 9.9982E-05 0.108237
9.9982E-05 0.533806 0.465994 9.9982E-05
0.010954 0.691268 0.283926 0.0138515
9.9982E-05 0.498321 0.501479 9.9982E-05
0.0133603 0.268742 0.717797 9.9991E-05
0.0114119 0.282993 0.676942 0.0286535
0.111832 0.838989 0.0490791 9.9991E-05
0.00540534 0.312807 0.681687 9.9991E-05
9.9991E-05 0.232331 0.73677 0.0307991
0.304322 0.126739 0.4731 0.0958399
9.9982E-05 0.501877 0.497923 9.9982E-05
0.0736334 0.0496261 0.854767 0.0219734
0.0235885 0.135208 0.82283 0.0183738
0.0158948 0.1723 0.786955 0.0248496
0.0246258 0.222496 0.744088 0.00879036
0.0433935 0.147085 0.803251 0.00627084
9.9982E-05 0.357226 0.642574 9.9982E-05
0.0123154 0.247809 0.739776 9.9991E-05
9.9982E-05 0.452421 0.547379 9.9982E-05
9.9982E-05 0.485636 0.514164 9.9982E-05
0.0187713 0.213128 0.753646 0.0144549
9.9982E-05 0.49071 0.50909 9.9982E-05
9.9982E-05 0.580011 0.419789 9.9982E-05
0.0982053 0.0538539 0.8021 0.0458407
9.9982E-05 0.162269 0.837531 9.9982E-05
0.00321936 0.413198 0.583483 9.9991E-05
0.0635148 0.197839 0.738547 9.9991E-05
9.9991E-05 0.183456 0.794065 0.0223782
0.121345 0.0842351 0.769183 0.0252373
0.00578292 0.217499 0.776618 9.9991E-05
9.9991E-05 0.18148 0.803715 0.0147059
0.0551501 0.149054 0.792318 0.00347786
0.397576 9.9982E-05 9.9982E-05 0.602224
0.48834 9.9982E-05 9.9982E-05 0.51146
0.444586 9.99819E-05 9.99819E-05 0.555214
0.492678 9.99819E-05 9.99819E-05 0.507122
0.676106 9.9982E-05 9.9982E-05 0.323694
0.60336 9.9982E-05 9.9982E-05 0.396441
0.872845 9.9982E-05 9.9982E-05 0.126955
9.9982E-05 0.33824 0.66156 9.9982E-05
9.9982E-05 0.613476 0.386324 9.9982E-05
9.9982E-05 0.345342 0.654458 9.9982E-05
9.9982E-05 0.241398 0.758402 9.9982E-05
9.9982E-05 0.290665 0.709135 9.9982E-05
0.0398451 0.107132 0.829063 0.0239593
9.9982E-05 0.312825 0.686975 9.9982E-05
0.0476745 0.0849116 0.844874 0.0225395
9.9982E-05 0.439848 0.559952 9.9982E-05
9.9982E-05 0.329468 0.670332 9.9982E-05
0.370467 9.9982E-05 9.9982E-05 0.629333
0.63797 9.9991E-05 0.0285133 0.333417
0.784193 9.9991E-05 0.00234716 0.21336
0.726872 9.9991E-05 0.0631686 0.209859
0.5537 9.9991E-05 0.0915885 0.354612
0.613217 9.9991E-05 0.0477512 0.338932
9.9982E-05 9.9982E-05 0.0337349 0.966065
0.0139919 0.347418 0.607595 0.0309956
0.619701 9.9991E-05 0.104786 0.275412
0.615937 0.0789564 0.0728483 0.232258
0.472967 9.9991E-05 0.0125593 0.514374
0.418916 9.9991E-05 0.0784286 0.502555
0.517692 9.9991E-05 0.129828 0.35238
0.129413 9.9991E-05 0.0172399 0.853248
0.0886437 9.9991E-05 0.0226246 0.888632
0.626361 9.9991E-05 0.0722374 0.301302
0.490607 9.9991E-05 0.028636 0.480657
0.164423 9.9982E-05 9.9982E-05 0.835377
0.615061 9.9982E-05 9.9982E-05 0.38474
0.0819541 9.9982E-05 9.9982E-05 0.917846
0.60105 9.9982E-05 9.9982E-05 0.39875
0.265927 9.99819E-05 9.99819E-05 0.733873
0.844657 9.9991E-05 0.00383358 0.15141
0.792676 0.0336482 0.09874 0.0749363
9.9982E-05 0.318944 9.9982E-05 0.680856
0.217618 9.9982E-05 9.9982E-05 0.782182
9.9982E-05 0.10359 9.9982E-05 0.89621
0.0392387 0.132086 0.67477 0.153905
9.9982E-05 9.9982E-05 0.0657472 0.934053
0.353474 0.0471147 0.397446 0.201965
0.49096 0.0339263 0.28371 0.191404
0.858923 0.0137495 0.00661516 0.120712
0.389392 9.9991E-05 0.173833 0.436675
0.761114 0.0111579 0.111467 0.116261
0.527786 9.9991E-05 0.0377843 0.43433
0.137314 0.120609 0.250227 0.49185
0.0224594 0.197248 0.777185 0.00310692
0.625825 0.0186078 0.122541 0.233026
0.577677 9.9991E-05 0.0806928 0.34153
9.9982E-05 0.304803 0.694997 9.9982E-05
9.9982E-05 0.378141 0.621659 9.9982E-05
9.9991E-05 0.136517 0.845419 0.0179642
0.0527944 0.0715024 0.849619 0.0260838
9.9982E-05 0.420131 0.579669 9.9982E-05
0.0893827 0.0581102 0.811647 0.0408598
0.0436898 0.149552 0.806658 9.9991E-05
9.9982E-05 0.285386 0.714414 9.9982E-05
9.9982E-05 0.239377 0.760423 9.9982E-05
0.0633853 0.116099 0.798057 0.022459
0.0649934 0.103088 0.822405 0.00951417
0.0571859 0.123522 0.813607 0.00568511
0.00911003 0.191581 0.798452 0.000856861
0.0565517 0.110737 0.827044 0.00566785
0.12118 0.0521401 0.779527 0.0471528
0.00378253 0.944718 0.0513995 9.9991E-05
0.0361516 0.730385 0.233363 9.9991E-05
9.9982E-05 0.850437 0.149364 9.9982E-05
9.9982E-05 0.265482 0.734318 9.9982E-05
9.9982E-05 0.501113 0.498687 9.9982E-05
0.00923382 0.577591 0.413075 9.9991E-05
9.9982E-05 0.458573 0.541227 9.9982E-05
0.0284816 0.158826 0.798814 0.0138782
0.127861 0.0557543 0.804702 0.0116826
0.197921 0.0463345 0.65518 0.100565
0.143903 0.0349171 0.744959 0.0762209
0.00274011 0.896028 0.101132 9.9991E-05
0.136892 0.0219085 0.800388 0.0408112
0.517427 0.069175 0.35698 0.0564172
0.590357 9.9991E-05 0.231581 0.177962
0.687516 0.0252649 0.209141 0.0780788
0.248998 0.0774288 0.615351 0.0582221
0.023001 0.0666914 0.871677 0.0386303
0.086379 0.0413029 0.855294 0.0170245
0.0769229 0.0625247 0.844508 0.0160446
0.0474919 0.0322282 0.869683 0.0505964
0.0567758 0.0852466 0.851349 0.00662856
0.811819 9.9991E-05 0.096736 0.0913446
0.641249 9.9991E-05 0.00415509 0.354496
0.663992 9.9982E-05 9.9982E-05 0.335808
0.809787 9.9991E-05 0.0474897 0.142623
0.788503 0.0209091 0.0484903 0.142097
0.714867 9.9991E-05 0.041189 0.243844
0.754196 9.9991E-05 0.0882965 0.157408
0.685473 9.9991E-05 0.0161257 0.298301
0.43742 9.9982E-05 9.9982E-05 0.56238
0.766614 9.9991E-05 0.030809 0.202477
0.883775 0.00423151 0.0197404 0.092253
0.831463 0.00753308 0.0579171 0.103086
0.0296036 0.14274 0.809192 0.0184648
9.9982E-05 0.360365 0.639435 9.9982E-05
0.0670289 0.0970311 0.823644 0.012296
0.0303061 0.761999 0.207595 9.9991E-05
9.9991E-05 0.156451 0.819335 0.0241137
0.115899 0.329784 0.554217 9.9991E-05
9.9991E-05 0.558 0.375796 0.0661039
9.9982E-05 0.477431 0.522369 9.9982E-05
9.998E-05 0.9997 9.998E-05 9.998E-05
9.9991E-05 0.478804 0.441495 0.0796015
9.9991E-05 0.170857 0.811998 0.0170454
9.9982E-05 0.272571 0.727229 9.9982E-05
