0.63351 0.0179881 0.017414 9.9991E-05 0.26226 0.0687278
0.712003 9.9991E-05 0.0201928 0.103771 0.12943 0.0345035
0.476415 0.00164197 0.0470141 0.216588 0.236316 0.0220249
0.575828 0.137541 0.0539317 0.223942 9.9991E-05 0.00865708
0.516526 0.00842019 0.0439242 0.152257 0.250651 0.0282215
0.857316 9.9991E-05 0.0376889 0.00702334 0.083987 0.0138843
0.722024 9.9991E-05 0.0141031 0.131772 0.102514 0.0294871
0.0735447 0.0041465 0.0184756 0.00297829 0.84987 0.0509847
0.139416 0.0487554 9.9991E-05 0.0351153 0.722864 0.0537498
9.9973E-05 9.9973E-05 0.010426 9.9973E-05 0.686592 0.302682
0.0305981 0.000143765 9.9991E-05 0.0167193 0.858006 0.094433
9.999E-05 0.0211083 0.0274977 0.0317947 0.801018 0.118481
0.0931189 0.0052906 0.00688147 9.9991E-05 0.854263 0.0403459
9.9964E-05 9.9964E-05 9.9964E-05 9.9964E-05 0.801641 0.197959
0.0264303 0.00404254 0.00741086 0.0145343 0.83146 0.116122
0.162207 0.0219508 9.9982E-05 9.9982E-05 0.736584 0.0790586
0.0021006 0.00239486 9.9982E-05 9.9982E-05 0.634569 0.360736
0.0497639 9.9982E-05 9.9982E-05 0.110407 0.733275 0.106355
0.0244062 9.9973E-05 9.9973E-05 9.9973E-05 0.701875 0.273418
0.111532 0.0203709 0.00197927 0.145714 0.66686 0.0535435
0.0189005 9.9991E-05 0.00702827 0.0702922 0.741505 0.162174
0.089466 0.00345996 0.0129954 0.0560498 0.738755 0.099274
0.031338 9.9982E-05 9.9982E-05 0.0422156 0.744544 0.181702
0.173661 9.9973E-05 9.9973E-05 9.9973E-05 0.658908 0.167131
0.0986085 9.9991E-05 0.0400467 0.00983529 0.733749 0.117661
0.12385 9.9973E-05 9.9973E-05 9.9973E-05 0.726416 0.149434
0.104637 0.0159473 9.9982E-05 9.9982E-05 0.727891 0.151325
9.9964E-05 9.9964E-05 9.9964E-05 9.9964E-05 0.66144 0.33816
0.0334025 0.00162757 0.0151752 0.208402 0.702308 0.0390853
0.721792 9.9991E-05 0.00272644 0.200807 0.0578407 0.0167345
0.674353 0.0288561 9.9991E-05 0.239473 0.0466686 0.0105488
0.663246 9.9982E-05 9.9982E-05 0.185857 0.102737 0.0479591
0.314838 0.0725795 0.00504722 9.9991E-05 0.524367 0.083068
0.692318 9.9982E-05 9.9982E-05 0.10995 0.14167 0.0558622
0.212701 9.9973E-05 9.9973E-05 9.9973E-05 0.427339 0.35966
0.0691884 0.0228738 9.9991E-05 0.191718 0.650633 0.0654866
9.996E-05 9.996E-05 0.9995 9.996E-05 9.996E-05 9.996E-05
0.0752754 0.00418111 0.036916 0.0299818 0.783743 0.0699025
0.0860827 0.0254727 0.00886942 0.0747588 0.731228 0.0735886
0.152641 0.0352609 0.0137952 0.106527 0.651149 0.0406267
0.174149 0.0794243 0.0148061 0.119132 0.58405 0.0284385
0.574365 0.0423694 0.0086332 0.281546 0.0921972 0.000889321
0.697385 9.9991E-05 0.015428 0.154077 0.116864 0.0161462
9.9973E-05 0.0368918 9.9973E-05 0.0225892 0.940219 9.9973E-05
9.9982E-05 0.000181244 0.0232341 9.9982E-05 0.958383 0.0180016
9.9982E-05 0.00815816 0.026133 9.9982E-05 0.842799 0.122709
9.9991E-05 0.0448262 0.000364709 0.00860979 0.918105 0.0279942
9.9991E-05 0.044131 0.00144574 0.0639306 0.890176 0.000216915
9.9991E-05 0.0299385 0.0067754 0.00970271 0.935402 0.0180812
9.9982E-05 0.0203857 9.9982E-05 0.00806439 0.899668 0.0716823
9.9973E-05 9.9973E-05 0.00487457 9.9973E-05 0.883048 0.111777
9.9982E-05 0.0232498 9.9982E-05 0.0664684 0.889899 0.0201828
9.9973E-05 0.0253881 0.00738173 9.9973E-05 0.96693 9.9973E-05
9.9964E-05 9.9964E-05 9.9964E-05 9.9964E-05 0.879807 0.119793
9.9964E-05 0.36147 9.9964E-05 0.63813 9.9964E-05 9.9964E-05
9.9973E-05 0.494408 0.0479395 0.457353 9.9973E-05 9.9973E-05
9.9982E-05 0.334763 0.00364592 0.650371 9.9982E-05 0.01102
0.487648 0.183965 0.00668874 0.321498 9.9982E-05 9.9982E-05
0.102115 0.148423 0.0101454 0.679325 0.0598912 9.9991E-05
9.9991E-05 0.742727 0.0438928 0.138609 0.0508756 0.0237953
0.471424 0.207206 0.0075641 0.313606 9.9982E-05 9.9982E-05
9.9973E-05 9.9973E-05 0.0273371 0.937713 0.0346499 9.9973E-05
0.137214 0.0361467 9.9991E-05 0.430752 0.292193 0.103594
9.9973E-05 0.30893 0.0202337 0.670537 9.9973E-05 9.9973E-05
0.777568 9.9982E-05 9.9982E-05 0.152364 0.0655004 0.00436691
0.471161 0.0112887 9.9982E-05 0.476237 0.0411137 9.9982E-05
0.438553 0.0354352 9.9991E-05 0.490328 0.0171752 0.0184082
0.550444 0.0965484 0.00116329 0.344175 9.9991E-05 0.00756895
0.571898 0.0434186 0.00970138 0.350914 0.023968 9.9991E-05
0.116212 0.1684 9.9973E-05 0.715088 9.9973E-05 9.9973E-05
0.430143 0.134888 9.9982E-05 0.433801 9.9982E-05 0.000967348
9.9964E-05 0.25717 9.9964E-05 0.74243 9.9964E-05 9.9964E-05
0.0568531 0.336793 9.9973E-05 0.606054 9.9973E-05 9.9973E-05
0.442203 0.074998 0.0232789 0.444077 0.0153432 9.9991E-05
0.146061 0.359232 0.00497958 0.489527 9.9982E-05 9.9982E-05
0.353606 0.60654 9.9973E-05 0.0395538 9.9973E-05 9.9973E-05
0.801846 0.0196513 0.00654586 0.0571927 0.0862062 0.0285577
0.10215 9.9973E-05 9.9973E-05 0.869352 0.028198 9.9973E-05
9.9973E-05 0.165254 0.0312901 0.803156 9.9973E-05 9.9973E-05
0.166975 0.0235784 0.00511681 0.724358 0.0798724 9.9991E-05
0.159497 0.0193878 9.9991E-05 0.784178 0.0345061 0.0023309
0.676474 0.00222745 9.9991E-05 0.202945 0.0777191 0.0405341
0.233714 0.01113 0.0149757 0.739949 0.000131788 9.9991E-05
0.0379592 9.9973E-05 9.9973E-05 0.914462 0.0472791 9.9973E-05
0.326927 9.9973E-05 9.9973E-05 0.621623 0.0511498 9.9973E-05
9.99639E-05 9.99639E-05 9.99639E-05 9.99639E-05 0.310376 0.689224
9.9964E-05 9.9964E-05 9.9964E-05 9.9964E-05 0.414437 0.585163
9.99639E-05 9.99639E-05 9.99639E-05 9.99639E-05 0.36019 0.63941
9.99639E-05 9.99639E-05 9.99639E-05 9.99639E-05 0.415121 0.58448
0.0022221 9.9973E-05 9.9973E-05 9.9973E-05 0.621958 0.37552
9.9964E-05 9.9964E-05 9.9964E-05 9.9964E-05 0.541652 0.457948
9.9964E-05 9.9964E-05 9.9964E-05 9.9964E-05 0.855218 0.144382
0.223578 0.189436 9.9973E-05 0.586686 9.9973E-05 9.9973E-05
9.9964E-05 0.472255 9.9964E-05 0.527346 9.9964E-05 9.9964E-05
0.201441 0.191848 0.0044905 0.602021 9.9982E-05 9.9982E-05
0.551247 0.154261 9.9973E-05 0.294192 9.9973E-05 9.9973E-05
0.118242 0.0913744 9.9973E-05 0.790083 9.9973E-05 9.9973E-05
0.704319 0.0579784 9.9991E-05 0.200542 0.0328457 0.00421526
9.9964E-05 0.0755439 9.9964E-05 0.924056 9.9964E-05 9.9964E-05
0.459063 9.9973E-05 9.9973E-05 0.468506 0.0721313 9.9973E-05
9.9973E-05 0.220385 0.00583613 0.773479 9.9973E-05 9.9973E-05
0.424014 0.2574 9.9973E-05 0.318286 9.9973E-05 9.9973E-05
9.9964E-05 9.9964E-05 9.9964E-05 9.9964E-05 0.277847 0.721753
0.0528003 9.9973E-05 9.9973E-05 9.9973E-05 0.551531 0.395369
0.00108463 9.9991E-05 0.00975895 0.00450866 0.76401 0.220537
0.0156542 9.9991E-05 0.00505837 0.0570403 0.690415 0.231732
0.0376453 9.9982E-05 9.9982E-05 0.0662366 0.491726 0.404192
0.0523621 9.9973E-05 9.9973E-05 9.9973E-05 0.575612 0.371726
9.9964E-05 0.019915 9.9964E-05 9.9964E-05 9.9964E-05 0.979685
0.412201 0.255434 0.0220328 0.284364 9.9991E-05 0.0258683
0.084557 0.00251685 9.9991E-05 0.0230383 0.583366 0.306421
0.0369508 9.99729E-05 0.228876 9.99729E-05 0.733874 9.99729E-05
0.0306765 9.9982E-05 0.00675513 9.9982E-05 0.383888 0.57848
0.10612 9.9973E-05 9.9973E-05 9.9973E-05 0.292621 0.600959
0.148112 9.9982E-05 0.0108644 9.9982E-05 0.441594 0.39923
9.9964E-05 9.9964E-05 9.9964E-05 0.0368542 9.9964E-05 0.962746
9.9982E-05 0.0109989 0.0208828 0.0139531 9.9982E-05 0.953965
0.0858351 9.9982E-05 0.00667822 9.9982E-05 0.576385 0.330901
0.00742127 9.9991E-05 0.0110365 0.0308312 0.400344 0.550267
0.0100209 9.9973E-05 9.9973E-05 9.9973E-05 0.0195955 0.970084
9.99639E-05 9.99639E-05 9.99639E-05 9.99639E-05 0.559702 0.439898
9.9964E-05 9.9964E-05 0.0108515 9.9964E-05 9.9964E-05 0.988749
9.9964E-05 9.9964E-05 9.9964E-05 9.9964E-05 0.543486 0.456114
9.99639E-05 9.99639E-05 9.99639E-05 9.99639E-05 0.154418 0.845182
0.0129365 0.00426601 9.9982E-05 9.9982E-05 0.801131 0.181466
0.0670027 0.00848458 0.0141644 0.0556516 0.781825 0.0728712
9.99639E-05 9.99639E-05 0.722211 9.99639E-05 9.99639E-05 0.277389
9.9982E-05 0.0143783 0.0136838 9.9982E-05 0.108964 0.862774
9.9973E-05 0.0659976 0.10585 9.9973E-05 9.9973E-05 0.827853
0.0931459 9.9991E-05 0.0311033 0.675622 0.0913264 0.108702
9.9973E-05 0.0468877 0.024138 9.9973E-05 9.9973E-05 0.928674
0.22262 9.9991E-05 0.0975502 0.167812 0.441693 0.0702242
0.115634 9.9991E-05 0.0402314 0.168997 0.540065 0.134973
9.9973E-05 0.0284305 9.9973E-05 9.9973E-05 0.846809 0.12446
0.111308 9.9991E-05 0.00365474 0.0730038 0.339084 0.47285
0.0989336 0.0087065 0.00494937 0.0143764 0.755712 0.117322
0.0607598 9.9973E-05 9.9973E-05 9.9973E-05 0.432554 0.506386
9.9982E-05 9.9982E-05 0.0980063 0.326175 0.124259 0.451359
0.466013 0.0546322 0.02005 0.455201 0.00400335 9.9991E-05
0.138394 0.0166909 0.0107175 9.9991E-05 0.586704 0.247393
0.0571839 9.9982E-05 0.0514561 9.9982E-05 0.589574 0.301586
0.313457 0.176287 9.9973E-05 0.509956 9.9973E-05 9.9973E-05
9.9964E-05 0.171847 9.9964E-05 0.827753 9.9964E-05 9.9964E-05
0.788149 0.110347 0.00892502 0.0923794 9.9982E-05 9.9982E-05
0.757047 0.0163692 9.9991E-05 0.17337 0.0304315 0.022682
0.550618 0.399657 0.000103832 0.0494212 9.9982E-05 9.9982E-05
0.848016 0.0204344 9.9991E-05 0.0349592 0.055627 0.0408636
0.859873 0.102993 0.00520279 0.0313583 0.000472903 9.9991E-05
0.427913 0.202783 9.9973E-05 0.369005 9.9973E-05 9.9973E-05
0.382604 0.115456 9.9973E-05 0.50164 9.9973E-05 9.9973E-05
0.629482 0.02899 9.9982E-05 0.279602 0.0617252 9.9982E-05
0.777452 0.0148847 0.0178737 0.163561 0.0194083 0.00682065
0.878212 0.0893385 0.00634305 9.9982E-05 0.0259064 9.9982E-05
0.41724 0.0263005 0.014863 0.541397 9.9982E-05 9.9982E-05
0.768882 0.0241845 9.9982E-05 0.187215 0.0195185 9.9982E-05
0.875342 0.00157241 0.00877583 9.9991E-05 0.0829159 0.0312942
9.9973E-05 0.877151 0.0342076 0.0883419 9.9973E-05 9.9973E-05
0.0545845 0.610031 0.0236301 0.29212 9.9991E-05 0.0195349
0.0642215 0.889476 9.9973E-05 0.0460022 9.9973E-05 9.9973E-05
0.734215 0.265385 9.9964E-05 9.9964E-05 9.9964E-05 9.9964E-05
9.9973E-05 0.268637 0.00682522 0.724238 9.9973E-05 9.9973E-05
9.9973E-05 0.36294 0.0405227 0.596238 9.9973E-05 9.9973E-05
0.529177 0.462258 0.00431687 0.00404819 9.9982E-05 9.9982E-05
0.35554 0.0231055 9.9982E-05 0.57606 0.0450951 9.9982E-05
0.902316 9.9982E-05 0.0103489 9.9982E-05 0.061972 0.0251635
0.69149 0.0386058 0.0028041 9.9991E-05 0.18744 0.0795599
0.689756 9.9982E-05 9.9982E-05 0.116694 0.113836 0.0795141
9.9973E-05 0.83129 0.0279192 0.140491 9.9973E-05 9.9973E-05
0.863695 9.9973E-05 9.9973E-05 9.9973E-05 0.091729 0.0442766
0.244307 0.0145525 9.9991E-05 0.175932 0.496354 0.0687546
0.0186391 9.9982E-05 9.9982E-05 0.196763 0.613624 0.170773
0.171318 0.00754862 9.9991E-05 0.0666354 0.67112 0.0832781
0.639001 0.007488 9.9991E-05 0.0975809 0.173447 0.0823829
0.653342 9.9982E-05 9.9982E-05 0.304678 0.0192859 0.0224944
0.749099 9.9982E-05 0.00211252 0.169019 0.0795696 9.9982E-05
0.937566 0.00912897 0.0216768 9.9991E-05 0.0228994 0.0086288
0.693099 0.0130902 9.9991E-05 0.21101 0.0754295 0.00727066
0.640638 9.9982E-05 0.00461396 0.317647 0.036901 9.9982E-05
0.100158 9.9982E-05 0.000767252 9.9982E-05 0.788603 0.110272
0.0216058 9.9973E-05 9.9973E-05 9.9973E-05 0.562428 0.415667
9.9964E-05 9.9964E-05 9.9964E-05 9.9964E-05 0.61301 0.386591
0.0672038 9.9973E-05 9.9973E-05 9.9973E-05 0.763589 0.168908
0.0450793 0.00936221 0.00485436 0.0159204 0.775076 0.149708
0.0522363 9.9973E-05 9.9973E-05 9.9973E-05 0.651826 0.295638
0.0671803 9.9982E-05 9.9982E-05 0.0272868 0.740728 0.164605
0.0347819 9.9973E-05 9.9973E-05 9.9973E-05 0.616228 0.34869
9.9973E-05 0.00313829 9.9973E-05 9.9973E-05 0.33001 0.666552
0.0388415 9.9973E-05 9.9973E-05 9.9973E-05 0.714493 0.246365
0.0131993 9.9991E-05 0.0109285 0.0237957 0.854068 0.0979087
0.0681925 0.0152907 0.00133401 9.9991E-05 0.806021 0.109062
0.754458 0.084123 0.00661615 0.131598 0.016624 0.00658094
9.9973E-05 0.153255 9.9973E-05 0.833702 9.9973E-05 0.0127431
0.694639 0.0299622 9.9991E-05 0.227593 0.0339356 0.013771
0.103381 0.869353 9.99729E-05 9.99729E-05 0.0269663 9.99729E-05
0.569326 0.0895383 9.9982E-05 0.330225 9.9982E-05 0.0107113
0.541804 0.368429 9.99729E-05 9.99729E-05 0.0894671 9.99729E-05
9.9982E-05 0.282645 0.0806243 0.609258 9.9982E-05 0.0272734
9.9964E-05 0.282217 9.9964E-05 0.717384 9.9964E-05 9.9964E-05
9.996E-05 0.9995 9.996E-05 9.996E-05 9.996E-05 9.996E-05
9.9982E-05 0.236042 0.060209 0.651111 9.9982E-05 0.0524378
0.34289 0.0425529 9.9982E-05 0.596682 0.0176751 9.9982E-05
0.313497 0.15809 9.9982E-05 0.52034 0.00787263 9.9982E-05
