9.9991E-05 0.306158 0.0647823 0.0267962 0.157648 0.0159726 0.0121025 0.416441
9.9991E-05 0.0595122 0.08752 0.0484763 0.0410118 0.0157097 0.00716013 0.74051
9.9982E-05 0.175826 0.12512 9.9982E-05 0.26484 0.000882944 0.0233769 0.409753
0.251226 9.9982E-05 0.0266119 0.00727504 9.9982E-05 0.0412544 0.0363141 0.637119
9.9982E-05 0.177974 0.0963745 0.00805309 9.9982E-05 0.0349789 0.0580711 0.624349
9.9982E-05 0.0981812 0.0676487 9.9982E-05 0.158752 0.0220463 0.00923801 0.643933
9.9982E-05 0.122954 9.9982E-05 0.0288039 0.0608686 0.0204503 0.0239609 0.742763
9.9982E-05 0.310797 0.587437 0.000608543 9.9982E-05 0.00373823 0.00766114 0.0895581
0.0128505 0.335596 0.451516 9.9982E-05 0.0314611 0.00991356 9.9982E-05 0.158462
9.9964E-05 0.0958817 0.678494 0.216983 9.9964E-05 9.9964E-05 0.00824138 9.9964E-05
9.9964E-05 0.336273 0.602613 0.0194491 9.9964E-05 9.9964E-05 9.9964E-05 0.0412653
0.0119315 0.248822 0.582331 0.0820737 0.0029386 0.00750661 0.0177844 0.0466118
0.00843124 0.317185 0.592763 9.9973E-05 9.9973E-05 0.00040377 9.9973E-05 0.080917
9.9955E-05 0.235793 0.642829 0.120878 9.9955E-05 9.9955E-05 9.9955E-05 9.9955E-05
9.9964E-05 0.515036 0.440087 0.0345261 0.0099506 9.9964E-05 9.9964E-05 9.9964E-05
0.0400104 0.642655 0.252932 9.9973E-05 9.9973E-05 0.00814953 9.9973E-05 0.0559537
9.99549E-05 0.379044 0.335398 0.285058 9.99549E-05 9.99549E-05 9.99549E-05 9.99549E-05
9.9982E-05 0.42031 0.392071 0.0451999 0.0219857 0.00635754 9.9982E-05 0.113876
9.9955E-05 0.470297 0.360968 0.168235 9.9955E-05 9.9955E-05 9.9955E-05 9.9955E-05
0.0493225 0.577008 0.204678 9.9991E-05 0.0287946 0.00726586 0.00244474 0.130387
9.9973E-05 0.696598 0.213479 0.0614583 9.9973E-05 9.9973E-05 0.0104814 0.0176838
0.0121022 0.690273 0.23346 9.9982E-05 0.0481878 9.9982E-05 0.00169611 0.01408
9.9964E-05 0.571472 0.294141 0.0968971 9.9964E-05 9.9964E-05 9.9964E-05 0.0370896
0.0159135 0.802975 0.0723921 0.0521062 9.9982E-05 0.00181765 9.9982E-05 0.054596
9.9955E-05 0.921435 0.0405989 9.9955E-05 9.9955E-05 9.9955E-05 0.0374661 9.9955E-05
0.0189014 0.868462 0.08987 0.019164 9.9973E-05 0.00330255 9.9973E-05 9.9973E-05
0.00429275 0.533574 0.340465 0.0547053 9.9982E-05 0.00391715 9.9982E-05 0.0628457
9.99549E-05 0.579869 0.170792 0.248839 9.99549E-05 9.99549E-05 9.99549E-05 9.99549E-05
0.0104305 0.556315 0.233033 9.9991E-05 0.0875356 0.00953441 0.00182771 0.101224
9.9991E-05 0.0358632 0.0450657 0.00644601 0.0678228 0.0371605 0.013005 0.794537
0.0081858 9.9982E-05 0.0709729 9.9982E-05 0.137813 0.0230151 0.00298132 0.756832
9.9982E-05 9.9982E-05 0.125939 0.042631 0.068619 0.0454917 0.00244126 0.714678
0.00386655 0.625815 0.0621073 9.9991E-05 0.027038 0.0566941 0.0153774 0.209001
9.9982E-05 0.141614 0.0352335 0.0499636 0.0642519 0.0275601 9.9982E-05 0.681177
9.9964E-05 0.708887 9.9964E-05 0.184262 9.9964E-05 0.00453043 9.9964E-05 0.101921
0.045635 0.627091 0.154848 9.9982E-05 0.0538992 0.00468718 9.9982E-05 0.113639
9.994E-05 9.994E-05 9.994E-05 9.994E-05 9.994E-05 9.994E-05 0.9993 9.994E-05
0.0089691 0.646789 0.26386 9.9991E-05 0.0159814 0.0115384 0.0259813 0.0267804
0.0416686 0.492343 0.36755 9.9973E-05 0.033241 9.9973E-05 9.9973E-05 0.064898
0.0471012 0.706032 0.0661248 9.9982E-05 0.0495798 0.00386433 9.9982E-05 0.127098
0.0736552 0.542255 0.135809 9.9982E-05 0.0675885 0.0137579 9.9982E-05 0.166734
0.0426976 0.00412208 0.067584 0.0258159 0.0932265 0.0332866 9.9991E-05 0.733167
9.9982E-05 0.162403 0.010458 9.9982E-05 0.141609 0.0163328 0.00995465 0.659043
9.9964E-05 9.9964E-05 0.878345 9.9964E-05 0.00602054 0.00131992 9.9964E-05 0.113914
0.00107752 9.9982E-05 0.949082 9.9982E-05 0.019715 0.00877672 0.00130175 0.0198467
0.000831315 9.9991E-05 0.895903 0.0555748 0.0193001 0.0137845 0.0141617 0.000345076
9.9973E-05 0.425747 0.522501 9.9973E-05 0.012767 0.0105939 9.9973E-05 0.0280913
0.0171545 0.0400337 0.787657 9.9973E-05 9.9973E-05 0.00422784 9.9973E-05 0.150627
9.9964E-05 0.406819 0.544517 9.9964E-05 9.9964E-05 0.0124838 9.9964E-05 0.0357798
0.00494604 0.106146 0.823117 0.012573 9.9982E-05 0.00471233 9.9982E-05 0.0483065
9.9964E-05 9.9964E-05 0.95174 0.0326109 9.9964E-05 9.9964E-05 0.0103849 0.00486451
9.9973E-05 0.15719 0.720717 9.9973E-05 0.0174898 0.00694436 9.9973E-05 0.0973586
9.99549E-05 9.99549E-05 0.918138 9.99549E-05 0.00249235 9.99549E-05 9.99549E-05 0.0788701
9.9964E-05 9.9964E-05 0.942847 0.0425679 9.9964E-05 0.005747 9.9964E-05 0.00843788
0.61233 9.9964E-05 9.9964E-05 9.9964E-05 0.0821288 0.0187221 9.9964E-05 0.28642
0.354047 9.9955E-05 9.9955E-05 9.9955E-05 0.627064 9.9955E-05 0.0183895 9.9955E-05
0.499539 0.00794095 9.9973E-05 9.9973E-05 0.227456 0.0081393 9.9973E-05 0.256625
0.195635 9.9982E-05 0.00986579 9.9982E-05 0.176766 0.031471 0.00389364 0.582169
0.0159795 0.0616674 9.9973E-05 9.9973E-05 0.654179 0.00807851 9.9973E-05 0.259796
0.897511 0.0134011 0.038747 0.0340566 9.9982E-05 0.000608078 0.0154764 9.9982E-05
0.261317 9.9973E-05 9.9973E-05 9.9973E-05 0.104513 0.0437039 0.00810142 0.582065
0.0128833 9.9982E-05 0.00481584 0.0078884 0.496795 9.9982E-05 0.0251101 0.452307
0.0777643 0.284435 0.0827181 0.0445123 0.140185 0.00772325 0.0109175 0.351744
9.994E-05 9.994E-05 9.994E-05 9.994E-05 0.9993 9.994E-05 9.994E-05 9.994E-05
0.0114206 0.0697041 0.0210163 0.00638307 0.129881 0.0150267 9.9991E-05 0.746468
0.0710369 0.00512874 0.0280659 9.9991E-05 0.102236 0.020867 0.0107968 0.761769
0.117304 0.0376288 0.00136113 0.0113385 0.202362 9.9982E-05 9.9982E-05 0.629805
0.173026 9.9973E-05 9.9973E-05 0.0134269 9.9973E-05 0.0442024 0.0117664 0.757279
0.0911702 0.0408724 9.9982E-05 9.9982E-05 0.0941583 0.0137189 0.0163809 0.743499
0.157078 9.9964E-05 9.9964E-05 9.9964E-05 0.478681 0.00250874 9.9964E-05 0.361332
0.310114 0.0218687 9.9964E-05 9.9964E-05 9.9964E-05 0.00835689 9.9964E-05 0.659261
0.00248157 9.9964E-05 9.9964E-05 9.9964E-05 0.928333 0.00127299 9.9964E-05 0.067513
0.56212 9.9955E-05 9.9955E-05 9.9955E-05 9.9955E-05 0.0322085 9.9955E-05 0.405172
0.128105 9.9982E-05 0.0216914 9.9982E-05 0.236633 0.00275992 0.0172459 0.593365
0.450035 9.9964E-05 9.9964E-05 9.9964E-05 0.226562 0.0128324 9.9964E-05 0.310171
0.680707 9.99549E-05 9.99549E-05 9.99549E-05 9.99549E-05 0.0453844 9.99549E-05 0.273409
0.0338777 0.040978 0.044524 0.0446606 9.9982E-05 0.0334029 9.9982E-05 0.802357
0.0649884 9.9964E-05 9.9964E-05 9.9964E-05 0.266618 9.9964E-05 0.00602816 0.661965
0.417533 9.9973E-05 9.9973E-05 9.9973E-05 0.0474477 0.0277788 0.0218529 0.485088
0.075293 9.9982E-05 0.0508263 9.9982E-05 0.272836 0.00266898 0.0151901 0.582986
9.9964E-05 9.9964E-05 9.9964E-05 0.0117112 0.377179 9.9964E-05 0.0129723 0.597738
0.0380884 0.135631 9.9991E-05 0.00579363 0.0942586 0.0117874 0.00982893 0.704512
9.9955E-05 9.9955E-05 9.9955E-05 9.9955E-05 0.469929 9.9955E-05 0.0124542 0.517117
0.0104619 0.0175372 9.9973E-05 9.9973E-05 0.406357 9.9973E-05 0.00343927 0.561904
0.0976795 0.00160117 0.024244 0.010081 0.119551 9.9991E-05 0.0115568 0.735187
9.99459E-05 9.99459E-05 0.41923 0.580171 9.99459E-05 9.99459E-05 9.99459E-05 9.99459E-05
9.99459E-05 9.99459E-05 0.526002 0.473399 9.99459E-05 9.99459E-05 9.99459E-05 9.99459E-05
9.99459E-05 9.99459E-05 0.46179 0.53761 9.99459E-05 9.99459E-05 9.99459E-05 9.99459E-05
9.99459E-05 9.99459E-05 0.505697 0.493703 9.99459E-05 9.99459E-05 9.99459E-05 9.99459E-05
9.99639E-05 0.156024 0.515743 0.310532 9.99639E-05 9.99639E-05 9.99639E-05 0.0173005
9.99459E-05 9.99459E-05 0.622772 0.376628 9.99459E-05 9.99459E-05 9.99459E-05 9.99459E-05
9.99459E-05 9.99459E-05 0.992328 0.00707262 9.99459E-05 9.99459E-05 9.99459E-05 9.99459E-05
0.285496 9.9964E-05 9.9964E-05 9.9964E-05 0.173766 0.0208517 9.9964E-05 0.519487
0.737962 9.9955E-05 9.9955E-05 9.9955E-05 9.9955E-05 0.00709588 9.9955E-05 0.254442
0.317107 9.9964E-05 9.9964E-05 9.9964E-05 0.144521 0.0284167 9.9964E-05 0.509556
0.247142 9.9964E-05 9.9964E-05 9.9964E-05 0.000129719 0.0478635 9.9964E-05 0.704465
0.278993 9.9964E-05 9.9964E-05 9.9964E-05 0.0752204 0.0326961 9.9964E-05 0.61269
0.0787117 9.9982E-05 0.0221264 0.0316005 0.0632072 0.0313079 9.9982E-05 0.772846
0.232558 9.9964E-05 9.9964E-05 9.9964E-05 0.203761 0.042485 9.9964E-05 0.520797
0.0258093 0.0281298 0.0207833 0.0148468 0.126491 0.00760924 9.9991E-05 0.77623
0.518273 9.9964E-05 9.9964E-05 9.9964E-05 0.0517305 0.00548876 9.9964E-05 0.424108
0.261322 9.9964E-05 9.9964E-05 9.9964E-05 0.155294 0.0671384 9.9964E-05 0.515845
9.99639E-05 0.0450994 0.242359 0.690731 9.99639E-05 9.99639E-05 9.99639E-05 0.02141
9.9955E-05 0.649381 0.0560162 0.294103 9.9955E-05 9.9955E-05 9.9955E-05 9.9955E-05
9.9955E-05 0.472064 0.378241 0.149195 9.9955E-05 9.9955E-05 9.9955E-05 9.9955E-05
0.00284136 0.561288 0.271866 0.138733 0.0061957 9.9991E-05 0.00720275 0.011773
0.0104765 0.70813 9.9982E-05 0.268891 0.00590748 0.00435956 9.9982E-05 0.00203579
9.9946E-05 0.761 9.9946E-05 0.2384 9.9946E-05 9.9946E-05 9.9946E-05 9.9946E-05
0.0248426 9.99459E-05 9.99459E-05 0.974558 9.99459E-05 9.99459E-05 9.99459E-05 9.99459E-05
0.389412 0.0457979 9.9982E-05 0.00810585 9.9982E-05 0.0432638 0.0155943 0.497627
9.9973E-05 0.712335 0.0578803 0.192834 9.9973E-05 0.0129816 9.9973E-05 0.0236694
9.99549E-05 0.661977 0.139074 9.99549E-05 9.99549E-05 9.99549E-05 0.198449 9.99549E-05
9.99549E-05 0.430086 0.0759704 0.493444 9.99549E-05 9.99549E-05 9.99549E-05 9.99549E-05
9.9946E-05 0.603427 9.9946E-05 0.395973 9.9946E-05 9.9946E-05 9.9946E-05 9.9946E-05
9.9973E-05 0.687292 9.9973E-05 0.248978 0.00763132 9.9973E-05 0.0238604 0.0319382
9.9955E-05 0.0823763 9.9955E-05 0.880282 0.0368416 9.9955E-05 9.9955E-05 9.9955E-05
9.9973E-05 0.080569 9.9973E-05 0.88321 0.012034 0.00689395 0.0169936 9.9973E-05
9.9955E-05 0.786959 9.9955E-05 0.206193 9.9955E-05 9.9955E-05 0.00634861 9.9955E-05
9.9964E-05 0.454747 0.0984644 0.432727 9.9964E-05 9.9964E-05 0.0136619 9.9964E-05
9.99549E-05 9.99549E-05 0.0735281 0.911981 9.99549E-05 9.99549E-05 9.99549E-05 0.0139907
9.99549E-05 0.232467 0.408606 0.358427 9.99549E-05 9.99549E-05 9.99549E-05 9.99549E-05
9.99549E-05 9.99549E-05 0.0406903 0.955145 9.99549E-05 9.99549E-05 0.0036651 9.99549E-05
9.9955E-05 0.0780708 0.543869 0.377561 9.9955E-05 9.9955E-05 9.9955E-05 9.9955E-05
9.99459E-05 9.99459E-05 0.257922 0.741478 9.99459E-05 9.99459E-05 9.99459E-05 9.99459E-05
9.9955E-05 0.406656 0.493965 0.0988786 9.9955E-05 9.9955E-05 9.9955E-05 9.9955E-05
0.0359565 0.341985 0.5116 0.0203917 0.00872995 0.00447592 9.9991E-05 0.0767606
9.99459E-05 9.99459E-05 9.99459E-05 0.280084 9.99459E-05 9.99459E-05 0.719316 9.99459E-05
9.9964E-05 0.204513 9.9964E-05 0.781117 9.9964E-05 0.00219385 0.0117758 9.9964E-05
0.0677975 9.9964E-05 9.9964E-05 0.837574 9.9964E-05 0.00762787 0.0866005 9.9964E-05
0.000783905 0.0529294 9.9991E-05 0.0992826 0.160994 0.00514062 0.0678209 0.612948
0.0685646 0.00724742 9.9964E-05 0.914547 9.9964E-05 9.9964E-05 0.00924141 9.9964E-05
9.9973E-05 0.568959 9.9973E-05 9.9973E-05 0.0632384 0.0131383 0.110701 0.243663
9.9973E-05 0.742112 9.9973E-05 0.0218049 0.149379 9.9973E-05 0.0409663 0.0454379
9.9973E-05 0.423658 0.502713 0.0555639 0.00435438 9.9973E-05 9.9973E-05 0.0134109
0.0209657 0.552185 9.9991E-05 0.33713 0.032286 0.00483636 0.00809122 0.0444052
0.00431087 0.76616 0.161978 0.0103522 0.00572448 9.9991E-05 0.00808613 0.0432877
9.99549E-05 0.59556 0.0131813 0.390759 9.99549E-05 9.99549E-05 9.99549E-05 9.99549E-05
9.9964E-05 0.321267 9.9964E-05 0.302757 0.272118 9.9964E-05 0.103459 9.9964E-05
0.046368 9.9982E-05 0.0207762 9.9982E-05 0.344522 0.00553952 0.00646394 0.57613
0.0258187 0.841926 9.9973E-05 0.102597 9.9973E-05 0.0124173 0.0169412 9.9973E-05
9.9964E-05 0.626564 0.135866 0.187958 9.9964E-05 9.9964E-05 0.0492131 9.9964E-05
0.348266 9.9964E-05 9.9964E-05 9.9964E-05 0.0357567 0.0279087 9.9964E-05 0.587669
0.490544 9.9955E-05 9.9955E-05 9.9955E-05 0.0134565 9.9955E-05 9.9955E-05 0.4955
0.187525 9.9964E-05 9.9964E-05 0.0110716 9.9964E-05 0.00577362 9.9964E-05 0.79523
0.0681884 0.0428699 0.00911101 0.0289143 0.0248965 0.0146569 9.9991E-05 0.811263
0.474689 9.9955E-05 9.9955E-05 9.9955E-05 9.9955E-05 0.0323904 9.9955E-05 0.492421
0.0680151 0.0379855 0.0443469 0.0308636 9.9982E-05 0.0216052 9.9982E-05 0.796984
0.170416 0.020805 0.0225017 9.9973E-05 9.9973E-05 0.00757293 9.9973E-05 0.778404
0.340518 9.9955E-05 9.9955E-05 9.9955E-05 9.9955E-05 0.0243585 9.9955E-05 0.634624
0.25817 9.9955E-05 9.9955E-05 9.9955E-05 9.9955E-05 0.0338257 9.9955E-05 0.707505
0.102052 0.0106593 0.039743 0.0216605 9.9982E-05 0.0248759 9.9982E-05 0.800809
0.0076225 0.0106397 0.0301324 0.00308365 0.059555 0.0212194 0.0229151 0.844832
0.131566 0.0449003 0.0192975 9.9982E-05 9.9982E-05 0.0436061 0.00532526 0.755105
0.162049 9.9973E-05 0.00403996 9.9973E-05 0.113341 9.9973E-05 0.0211456 0.699125
0.108798 9.9973E-05 0.0481006 0.000954414 9.9973E-05 0.0277884 9.9973E-05 0.814059
9.9982E-05 0.0520755 0.0639174 0.0243857 9.9982E-05 0.0309655 0.0198909 0.808565
0.9993 9.994E-05 9.994E-05 9.994E-05 9.994E-05 9.994E-05 9.994E-05 9.994E-05
0.870866 0.0614729 9.99729E-05 9.99729E-05 0.0249658 0.00474104 9.99729E-05 0.037654
0.9993 9.994E-05 9.994E-05 9.994E-05 9.994E-05 9.994E-05 9.994E-05 9.994E-05
0.350853 9.9964E-05 9.9964E-05 0.00368974 9.9964E-05 0.013061 9.9964E-05 0.631997
0.474273 9.9964E-05 9.9964E-05 9.9964E-05 0.258258 0.00335652 9.9964E-05 0.263712
0.350315 9.9955E-05 0.0219451 9.9955E-05 0.62724 9.9955E-05 9.9955E-05 9.9955E-05
0.532725 9.9964E-05 9.9964E-05 0.00385533 9.9964E-05 0.0199312 9.9964E-05 0.443088
0.116174 0.0281542 9.9991E-05 0.0119687 0.124689 0.0101538 0.00301512 0.705745
9.9982E-05 0.0223739 0.0614394 0.0297774 9.9982E-05 0.0328155 0.0094462 0.843948
0.0300609 0.143202 0.113978 0.0382503 0.0873951 0.0240334 0.00263234 0.560448
0.0386557 0.0921873 0.086977 0.0427502 9.9991E-05 0.0149372 0.00996188 0.714431
0.9993 9.994E-05 9.994E-05 9.994E-05 9.994E-05 9.994E-05 9.994E-05 9.994E-05
9.9982E-05 0.0484513 0.0735753 0.039354 9.9982E-05 0.0266711 0.00371883 0.80803
0.0619995 0.523292 0.097371 9.9982E-05 0.090032 0.00912005 9.9982E-05 0.217986
9.9973E-05 0.67027 0.0843507 0.0850006 0.069466 9.9973E-05 9.9973E-05 0.0906125
0.0374716 0.756521 0.080932 9.9973E-05 0.0135799 9.9973E-05 9.9973E-05 0.111195
0.029285 0.189503 0.0724204 0.0380386 0.0566353 0.0150025 9.9991E-05 0.599015
0.0343159 0.0465306 9.9991E-05 0.0206723 0.0676746 0.00974416 0.00497617 0.815986
0.00864331 0.0474614 0.0277299 0.00977568 0.0035897 0.0100509 0.021336 0.871413
9.9973E-05 9.9973E-05 0.0741466 9.9973E-05 0.0944149 0.0192963 0.0136855 0.798157
0.014545 0.0461744 0.00987907 0.0281246 9.9991E-05 0.0375933 0.0139184 0.849665
0.0549834 0.0437386 0.00931702 9.9982E-05 0.0752591 0.0153548 9.9982E-05 0.801147
0.00720477 0.726387 0.237248 0.00137849 9.9973E-05 9.9973E-05 9.9973E-05 0.027482
9.99549E-05 0.647497 0.0416932 0.31031 9.99549E-05 9.99549E-05 9.99549E-05 9.99549E-05
9.99549E-05 0.533779 0.169997 0.295724 9.99549E-05 9.99549E-05 9.99549E-05 9.99549E-05
9.9955E-05 0.714513 0.234513 0.0504749 9.9955E-05 9.9955E-05 9.9955E-05 9.9955E-05
0.00540081 0.5681 0.333474 0.0679774 9.9991E-05 0.000851206 0.00415675 0.0199399
9.9955E-05 0.675013 0.14904 0.175446 9.9955E-05 9.9955E-05 9.9955E-05 9.9955E-05
9.9973E-05 0.789043 0.141874 0.0543646 0.0106171 9.9973E-05 9.9973E-05 0.00380118
9.9955E-05 0.552819 0.214186 0.232495 9.9955E-05 9.9955E-05 9.9955E-05 9.9955E-05
9.9946E-05 0.439176 9.9946E-05 0.560225 9.9946E-05 9.9946E-05 9.9946E-05 9.9946E-05
9.9955E-05 0.596559 0.261879 0.141063 9.9955E-05 9.9955E-05 9.9955E-05 9.9955E-05
9.9964E-05 0.729209 0.263871 0.00372465 9.9964E-05 9.9964E-05 0.00279611 9.9964E-05
0.0131628 0.713295 0.266922 0.00622006 9.9964E-05 9.9964E-05 9.9964E-05 9.9964E-05
0.0956464 0.0102792 0.0210494 0.0112549 0.134333 0.0031769 0.00129604 0.722964
9.99459E-05 9.99459E-05 9.99459E-05 9.99459E-05 0.815357 9.99459E-05 9.99459E-05 0.184043
0.0338365 9.9982E-05 0.0309696 0.026355 0.111479 0.011801 9.9982E-05 0.785359
9.994E-05 9.994E-05 9.994E-05 9.994E-05 9.994E-05 0.9993 9.994E-05 9.994E-05
9.9973E-05 0.00440879 9.9973E-05 0.013602 0.301011 0.0429487 9.9973E-05 0.637729
9.99549E-05 0.13765 9.99549E-05 9.99549E-05 9.99549E-05 0.571703 9.99549E-05 0.290147
9.9955E-05 9.9955E-05 9.9955E-05 0.0153087 0.956369 9.9955E-05 0.0278228 9.9955E-05
9.99459E-05 9.99459E-05 9.99459E-05 9.99459E-05 0.984858 0.014542 9.99459E-05 9.99459E-05
9.994E-05 9.994E-05 9.994E-05 9.994E-05 9.994E-05 0.9993 9.994E-05 9.994E-05
9.9964E-05 9.9964E-05 9.9964E-05 0.0556278 0.912555 0.00848701 0.0229304 9.9964E-05
9.9973E-05 9.9973E-05 0.0186029 0.00134455 0.420124 0.0232988 9.9973E-05 0.53633
9.9955E-05 9.9955E-05 9.9955E-05 9.9955E-05 0.591388 0.0495403 9.9955E-05 0.358572
