0.0964491 0.519291 0.320009 0.0642507
0.0699901 0.712424 0.175407 0.0421793
0.127207 0.572411 0.261274 0.0391077
0.277553 0.669556 0.0223333 0.0305578
0.0760474 0.617857 0.223559 0.0825361
0.113055 0.710163 0.165301 0.0114811
0.0384992 0.806148 0.0946704 0.0606824
9.9991E-05 0.0859696 0.839813 0.0741177
0.04261 0.183454 0.737042 0.0368938
9.9982E-05 9.9982E-05 0.710722 0.289078
9.9991E-05 0.0458262 0.860903 0.0931711
0.0233 0.0452577 0.780024 0.151418
0.033165 0.0551152 0.883097 0.0286229
9.9982E-05 9.9982E-05 0.811675 0.188125
0.0147921 0.020939 0.85317 0.111099
0.0351635 0.135233 0.759932 0.0696711
9.9982E-05 9.9982E-05 0.681204 0.318596
9.9991E-05 0.159297 0.715094 0.125509
9.9991E-05 0.0118945 0.739336 0.248669
0.0399853 0.235034 0.63964 0.08534
9.9991E-05 0.0847534 0.750935 0.164212
0.025637 0.114695 0.755857 0.103811
9.9991E-05 0.064169 0.765847 0.169884
9.9991E-05 0.160059 0.692806 0.147035
0.018244 0.100585 0.732203 0.148969
9.9991E-05 0.110236 0.745925 0.143739
0.018645 0.0819466 0.775859 0.123549
9.9982E-05 9.9982E-05 0.690319 0.309481
0.0577289 0.198562 0.673854 0.0698555
0.0782095 0.814715 0.0978961 0.0091794
0.104844 0.811009 0.0840471 9.9991E-05
0.0751823 0.727066 0.166711 0.0310404
0.0743206 0.280877 0.563421 0.0813813
0.0696528 0.69229 0.201853 0.0362046
9.9991E-05 0.192224 0.509833 0.297843
0.0656373 0.208226 0.658733 0.0674032
0.566962 9.9982E-05 9.9982E-05 0.432838
0.0584799 0.056082 0.807623 0.0778149
0.0410854 0.144752 0.723765 0.0903975
0.0793845 0.205974 0.669827 0.0448142
0.12111 0.244633 0.579918 0.0543396
0.146627 0.732319 0.120954 9.9991E-05
0.0500419 0.799518 0.11083 0.0396093
0.0535963 0.00389789 0.942406 9.9991E-05
0.0110136 9.9991E-05 0.945554 0.0433321
0.0191475 9.9991E-05 0.837209 0.143543
0.0459464 9.9991E-05 0.923068 0.0308859
0.0578198 0.0482911 0.889088 0.00480125
0.0426665 9.9991E-05 0.935903 0.021331
0.0179596 9.9991E-05 0.915729 0.0662111
9.9982E-05 9.9982E-05 0.87999 0.11981
0.0469498 0.0356372 0.896545 0.0208682
0.0303186 9.9982E-05 0.969481 9.9982E-05
9.9982E-05 9.9982E-05 0.888315 0.111485
0.520544 0.479256 9.9982E-05 9.9982E-05
0.692948 0.279079 0.0271043 0.000868927
0.504161 0.494236 0.0015032 9.9991E-05
0.276221 0.708738 0.0149406 9.9991E-05
0.306433 0.64573 0.0338411 0.0139967
0.838181 0.0484304 0.113289 9.9991E-05
0.296501 0.703299 9.9982E-05 9.9982E-05
0.236099 0.73872 9.9991E-05 0.0250812
0.11396 0.491293 0.3191 0.0756475
0.518947 0.480853 9.9982E-05 9.9982E-05
0.043189 0.860157 0.0528465 0.043808
0.106592 0.851634 0.022508 0.0192664
0.171633 0.790899 0.0153294 0.0221392
0.190008 0.786932 9.9991E-05 0.0229598
0.133301 0.821714 0.0262778 0.0187068
0.336033 0.663767 9.9982E-05 9.9982E-05
0.237413 0.753114 9.9991E-05 0.00937304
0.434955 0.564846 9.9982E-05 9.9982E-05
0.472054 0.527746 9.9982E-05 9.9982E-05
0.223947 0.737553 0.0279694 0.0105309
0.480555 0.519245 9.9982E-05 9.9982E-05
0.587675 0.412125 9.9982E-05 9.9982E-05
0.0714234 0.774658 0.119289 0.0346291
0.167439 0.832361 9.9982E-05 9.9982E-05
0.422717 0.57392 0.00326216 9.9991E-05
0.179677 0.767296 0.0529266 9.9991E-05
0.177662 0.80676 9.9991E-05 0.0154771
0.0852153 0.766797 0.122476 0.0255112
0.195906 0.803894 9.9982E-05 9.9982E-05
0.180498 0.808909 9.9991E-05 0.0104929
0.147014 0.806447 0.0464386 9.9991E-05
9.9982E-05 9.9982E-05 0.390293 0.609507
9.9982E-05 9.9982E-05 0.475489 0.524311
9.99819E-05 9.99819E-05 0.435295 0.564505
9.99819E-05 9.99819E-05 0.480853 0.518947
9.9982E-05 9.9982E-05 0.665218 0.334582
9.9982E-05 9.9982E-05 0.595899 0.403901
9.9982E-05 9.9982E-05 0.871028 0.128772
0.331334 0.668466 9.9982E-05 9.9982E-05
0.604181 0.395619 9.9982E-05 9.9982E-05
0.34499 0.65481 9.9982E-05 9.9982E-05
0.230695 0.769105 9.9982E-05 9.9982E-05
0.293055 0.706745 9.9982E-05 9.9982E-05
0.102616 0.82734 0.0357826 0.034261
0.313761 0.686039 9.9982E-05 9.9982E-05
0.103914 0.818902 0.0770844 9.9991E-05
0.441611 0.558189 9.9982E-05 9.9982E-05
0.339851 0.659949 9.9982E-05 9.9982E-05
9.9982E-05 9.9982E-05 0.37292 0.62688
9.9991E-05 0.0286803 0.637192 0.334028
9.9982E-05 9.9982E-05 0.796089 0.203711
9.9991E-05 0.0680925 0.721945 0.209862
9.9991E-05 0.086497 0.562452 0.350951
9.9991E-05 0.0437868 0.623179 0.332934
9.9982E-05 0.0268838 9.9982E-05 0.972916
0.342668 0.609443 0.007725 0.0401638
9.9991E-05 0.101558 0.628983 0.269359
0.0795734 0.0695621 0.627692 0.223172
9.9991E-05 0.013092 0.46082 0.525988
9.9991E-05 0.081411 0.39545 0.523039
9.9991E-05 0.129513 0.51416 0.356226
9.9991E-05 0.0155747 0.122222 0.862104
9.9991E-05 0.0206954 0.0815881 0.897616
9.9991E-05 0.0816147 0.602469 0.315817
9.9991E-05 0.0263038 0.482669 0.490927
9.9982E-05 9.9982E-05 0.153429 0.846371
9.9982E-05 9.9982E-05 0.607134 0.392666
9.9982E-05 9.9982E-05 0.0675579 0.932242
9.9982E-05 9.9982E-05 0.583251 0.416549
9.9982E-05 9.9982E-05 0.248072 0.751728
9.9991E-05 0.00697415 0.834836 0.15809
0.0224288 0.10689 0.775033 0.0956479
0.316944 9.9982E-05 9.9982E-05 0.682856
9.9982E-05 9.9982E-05 0.21574 0.784061
0.106897 9.9982E-05 9.9982E-05 0.892903
0.151265 0.652752 0.0460276 0.149956
0.00562303 0.0567407 9.9991E-05 0.937536
0.0828824 0.360362 0.376448 0.180308
0.0597383 0.247023 0.516989 0.17625
9.9991E-05 0.0262212 0.844778 0.128901
9.9991E-05 0.176284 0.377895 0.445721
0.00573147 0.119504 0.75943 0.115335
9.9991E-05 0.0448571 0.495156 0.459887
0.124807 0.24286 0.121331 0.511002
0.191989 0.784773 0.0116121 0.0116252
0.014086 0.12924 0.612526 0.244149
9.9991E-05 0.0830679 0.574123 0.34271
0.309211 0.690589 9.9982E-05 9.9982E-05
0.370385 0.629415 9.9982E-05 9.9982E-05
0.148956 0.831231 9.9991E-05 0.0197125
0.0787437 0.841485 0.0671579 0.0126134
0.414661 0.585139 9.9982E-05 9.9982E-05
0.034912 0.850411 0.064949 0.0497277
0.151075 0.803877 0.0449482 9.9991E-05
0.285383 0.714417 9.9982E-05 9.9982E-05
0.21494 0.78486 9.9982E-05 9.9982E-05
0.116523 0.785273 0.0937114 0.00449286
0.102259 0.820739 0.0548849 0.0221168
0.137235 0.7892 0.0734645 9.9991E-05
0.197815 0.782939 0.0191467 9.9991E-05
0.0997419 0.835076 0.0501288 0.0150529
0.026064 0.819939 0.082307 0.0716897
0.93113 0.0680578 0.000712202 9.9991E-05
0.679852 0.299062 0.00456782 0.0165179
0.839006 0.160794 9.9982E-05 9.9982E-05
0.254344 0.745456 9.9982E-05 9.9982E-05
0.496257 0.503543 9.9982E-05 9.9982E-05
0.571839 0.4264 0.00166136 9.9991E-05
0.433171 0.566629 9.9982E-05 9.9982E-05
0.167462 0.786594 0.0458435 9.9991E-05
0.0484276 0.818847 0.106954 0.0257719
0.0844551 0.618436 0.240008 0.0571009
0.0589882 0.702108 0.180356 0.0585479
0.886213 0.11327 0.000416837 9.9991E-05
0.0304074 0.800449 0.126983 0.0421612
0.062255 0.369878 0.50385 0.0640173
9.9991E-05 0.228097 0.601638 0.170165
0.0188779 0.214586 0.68935 0.0771864
0.0519151 0.66241 0.208471 0.077203
0.0535176 0.878371 0.0296413 0.0384699
0.0427253 0.856372 0.0860847 0.0148176
0.0708295 0.845741 0.0754679 0.00796113
0.042919 0.860488 0.0557814 0.0408117
0.0842752 0.851759 0.0507342 0.0132317
0.0133002 0.0836134 0.813235 0.0898511
9.9991E-05 0.0028345 0.634315 0.362751
9.9982E-05 9.9982E-05 0.654384 0.345416
9.9991E-05 0.0618878 0.791601 0.146411
0.0149114 0.0501877 0.795722 0.139179
9.9991E-05 0.0384572 0.710103 0.25134
9.9991E-05 0.0792545 0.771304 0.149342
9.9991E-05 0.0147888 0.693408 0.291703
9.9982E-05 9.9982E-05 0.426617 0.573183
9.9991E-05 0.0227987 0.771324 0.205777
0.0223345 0.00179688 0.887682 0.0881871
0.017778 0.047307 0.82497 0.109945
0.158119 0.790695 0.051028 0.000157603
0.353364 0.646437 9.9982E-05 9.9982E-05
0.0935592 0.838226 0.056719 0.0114959
0.780471 0.18295 0.0364787 9.9991E-05
0.172052 0.801863 9.9991E-05 0.0259853
0.34676 0.528874 0.124266 9.9991E-05
0.560809 0.370623 0.00738622 0.0611816
0.486928 0.512872 9.9982E-05 9.9982E-05
0.9997 9.998E-05 9.998E-05 9.998E-05
0.478087 0.441948 9.9991E-05 0.0798658
0.184035 0.806307 9.9991E-05 0.00955802
0.29059 0.706675 0.00263429 9.9991E-05
