0.0699437 0.0647454 9.9991E-05 0.0485811 0.238622 0.106724 0.0155639 0.45572
9.999E-05 0.0047667 0.00926436 0.0730343 0.00274289 0.08951 0.00957629 0.811005
0.0814713 9.9991E-05 0.0475755 0.000662615 0.0880571 0.17975 0.0150231 0.58736
0.1279 0.185942 0.0389821 0.00737841 9.9991E-05 0.0261541 0.0318691 0.581674
9.999E-05 0.0258154 0.0465209 0.0252113 0.114721 0.137029 0.0313027 0.619299
0.0257397 9.9982E-05 0.0395769 9.9982E-05 0.107881 0.0297221 0.0340593 0.762821
0.0415944 9.9982E-05 0.0138963 0.0217168 0.139419 9.9982E-05 0.0109472 0.772227
9.9973E-05 9.9973E-05 0.0104495 9.9973E-05 0.305077 0.590581 0.00930732 0.0842855
0.0157765 0.0276411 9.9982E-05 9.9982E-05 0.384545 0.413382 0.0159083 0.142547
9.9964E-05 9.9964E-05 0.00741019 0.231552 0.0758066 0.684831 9.9964E-05 9.9964E-05
9.9964E-05 9.9964E-05 9.9964E-05 0.0308037 0.306847 0.617605 9.9964E-05 0.0443447
0.00499645 0.0104379 0.0246394 0.0813461 0.170888 0.641271 0.00515062 0.0612711
9.9973E-05 0.0347977 9.9973E-05 9.9973E-05 0.313933 0.599679 0.00610058 0.0451902
9.9955E-05 9.9955E-05 9.9955E-05 0.137492 0.152192 0.709816 9.9955E-05 9.9955E-05
0.00543879 9.9964E-05 9.9964E-05 0.0311708 0.513475 0.449515 9.9964E-05 9.9964E-05
0.0253534 0.0128616 9.9982E-05 9.9982E-05 0.624954 0.265611 0.0120244 0.0589964
9.99549E-05 9.99549E-05 9.99549E-05 0.284954 0.371018 0.343528 9.99549E-05 9.99549E-05
0.00307629 0.0113557 9.9991E-05 0.0655903 0.355674 0.428494 0.00453858 0.131172
9.9955E-05 9.9955E-05 9.9955E-05 0.17288 0.443362 0.383259 9.9955E-05 9.9955E-05
0.0551962 0.0280897 9.9982E-05 9.9982E-05 0.600303 0.191205 0.012562 0.112444
0.0175494 9.9982E-05 0.00950023 0.0573982 0.644539 0.269758 9.9982E-05 0.00105508
0.0590985 9.9982E-05 9.9982E-05 0.000857994 0.652364 0.268345 0.00496197 0.0141727
9.9973E-05 0.0154158 9.9973E-05 0.0941539 0.522572 0.345538 9.9973E-05 0.0220205
9.9982E-05 0.0351898 9.9982E-05 0.0275304 0.845428 0.0729155 0.0053375 0.013399
0.00950517 9.9964E-05 0.0321056 9.9964E-05 0.940059 0.0179304 9.9964E-05 9.9964E-05
9.9964E-05 0.0167201 9.9964E-05 0.0196793 0.854639 0.108562 9.9964E-05 9.9964E-05
9.9982E-05 0.0138616 9.9982E-05 0.0660361 0.484551 0.368325 0.00320029 0.0638268
9.99549E-05 9.99549E-05 9.99549E-05 0.253296 0.518495 0.227709 9.99549E-05 9.99549E-05
0.0691606 9.9973E-05 0.00492219 9.9973E-05 0.55776 0.235918 9.9973E-05 0.131939
0.0341379 0.0314874 0.00546035 0.0124698 0.0869296 9.9991E-05 0.024407 0.805008
9.9973E-05 0.161126 9.9973E-05 0.0234343 9.9973E-05 0.0533278 0.0261604 0.735652
9.9982E-05 0.100888 9.9982E-05 0.0646504 0.0773269 0.0354737 0.0249627 0.696499
0.0249702 0.0368978 0.0128719 9.9991E-05 0.586974 0.107067 0.0359235 0.195196
0.0186257 0.0460058 0.00227432 0.0263503 0.152087 0.0625018 0.0303012 0.661854
0.00303083 0.0336576 9.9973E-05 0.134311 0.790437 9.9973E-05 9.9973E-05 0.0382635
0.0600781 0.0211671 9.9973E-05 9.9973E-05 0.593242 0.176012 9.9973E-05 0.149202
9.994E-05 9.994E-05 0.9993 9.994E-05 9.994E-05 9.994E-05 9.994E-05 9.994E-05
0.0121349 9.9982E-05 0.02587 9.9982E-05 0.660907 0.255062 0.0145647 0.0312614
0.0560864 9.9982E-05 0.00269358 0.00624932 0.443967 0.397195 9.9982E-05 0.0936091
0.0240704 0.0454525 0.00229377 9.9991E-05 0.677498 0.092785 0.0175049 0.140295
0.0193564 0.144635 0.0113094 9.9991E-05 0.508941 0.163941 0.0124815 0.139236
0.0704679 0.00951041 0.0197728 0.0181351 9.9991E-05 0.0613011 0.0309745 0.789738
9.9991E-05 0.0650141 0.0205087 0.00397317 0.0963565 0.0573173 0.0250511 0.731679
9.9955E-05 9.9955E-05 9.9955E-05 9.9955E-05 9.9955E-05 0.893327 0.00704369 0.0991296
0.0193891 9.9973E-05 0.00213946 9.9973E-05 9.9973E-05 0.961364 0.00874403 0.00806363
9.9982E-05 0.0119521 0.0134434 0.0673834 9.9982E-05 0.882874 0.0152992 0.00884816
9.9973E-05 0.0205466 9.9973E-05 9.9973E-05 0.408553 0.549131 0.0132031 0.00826691
9.9973E-05 0.0482797 9.9973E-05 9.9973E-05 0.113773 0.735002 0.00287261 0.0997726
9.9973E-05 0.0073394 9.9973E-05 9.9973E-05 0.424971 0.546053 0.00781071 0.0135257
9.9973E-05 0.0110277 9.9973E-05 0.0173899 0.132035 0.798329 9.9973E-05 0.0409192
0.0036194 9.9964E-05 0.00764889 0.0421663 9.9964E-05 0.946166 9.9964E-05 9.9964E-05
9.9973E-05 0.00872175 9.9973E-05 9.9973E-05 0.162871 0.715674 0.0117866 0.100647
0.00263694 9.9964E-05 9.9964E-05 9.9964E-05 9.9964E-05 0.918296 0.00307667 0.0755902
9.9955E-05 0.0190336 9.9955E-05 0.0463304 9.9955E-05 0.934136 9.9955E-05 9.9955E-05
0.67116 9.99549E-05 9.99549E-05 9.99549E-05 9.99549E-05 9.99549E-05 0.00872122 0.319619
0.0417517 0.892259 0.0542159 9.9964E-05 9.9964E-05 9.9964E-05 0.0113734 9.9964E-05
0.126322 0.758334 9.9973E-05 9.9973E-05 9.9973E-05 0.0241068 0.000881183 0.0900564
0.251287 0.0150354 0.00971438 9.9973E-05 9.9973E-05 9.9973E-05 0.0401686 0.683495
0.167945 0.149416 0.0347206 9.9982E-05 0.0238004 9.9982E-05 0.0437392 0.580179
0.922291 9.99639E-05 9.99639E-05 0.0455276 0.00824853 0.0235328 9.99639E-05 9.99639E-05
0.154489 0.21755 0.0175681 9.9973E-05 9.9973E-05 9.9973E-05 0.0391403 0.570953
0.188347 0.113113 0.0447764 9.9964E-05 9.9964E-05 9.9964E-05 9.9964E-05 0.653364
0.0110256 0.143347 9.9991E-05 0.0722076 0.158275 0.163967 0.025244 0.425833
0.594312 9.9955E-05 9.9955E-05 9.9955E-05 9.9955E-05 9.9955E-05 0.0290914 0.376097
0.000894898 0.0392309 0.0131014 0.0309983 9.9991E-05 0.0503969 0.0243116 0.840966
0.0671705 0.0770957 0.0155031 0.0128671 9.9991E-05 0.00884024 0.0309325 0.787491
0.112517 0.166509 0.002813 0.00111048 0.0414088 9.9991E-05 0.00237855 0.673164
0.0191103 0.327787 0.00868264 9.9982E-05 0.0387956 9.9982E-05 0.0220296 0.583395
0.0226607 0.191016 0.0169206 9.9982E-05 0.0369441 9.9982E-05 0.0157578 0.716501
0.450236 9.9955E-05 9.9955E-05 9.9955E-05 9.9955E-05 9.9955E-05 0.017352 0.531913
9.9955E-05 0.528348 9.9955E-05 9.9955E-05 0.0394881 9.9955E-05 9.9955E-05 0.431665
0.522435 9.9955E-05 9.9955E-05 9.9955E-05 9.9955E-05 9.9955E-05 0.0463752 0.43069
9.9955E-05 0.876723 9.9955E-05 9.9955E-05 9.9955E-05 9.9955E-05 0.0216491 0.101128
0.00680658 0.43283 0.0151516 9.9973E-05 9.9973E-05 0.0467393 9.9973E-05 0.498172
0.149514 0.666062 9.9973E-05 9.9973E-05 9.9973E-05 0.00892355 0.0122293 0.162971
9.9946E-05 0.959761 9.9946E-05 9.9946E-05 9.9946E-05 9.9946E-05 0.0396394 9.9946E-05
0.0882663 9.9982E-05 9.9982E-05 0.0214448 0.10939 0.0295359 0.0187341 0.732429
0.0671151 0.148651 0.0138825 9.9973E-05 9.9973E-05 9.9973E-05 0.0147566 0.755295
0.366728 0.169933 0.0173459 9.9982E-05 9.9982E-05 0.00347046 0.0151104 0.427212
0.127984 0.0624437 0.0337241 9.9982E-05 9.9982E-05 0.0266706 0.0030165 0.745961
0.185941 0.0197858 0.0199231 9.9973E-05 9.9973E-05 9.9973E-05 0.0149084 0.759141
0.0399111 0.0559341 0.0125452 0.0260894 0.112052 9.9991E-05 0.00921478 0.744153
0.234013 9.9964E-05 0.0197496 9.9964E-05 9.9964E-05 9.9964E-05 0.0157505 0.730088
0.0269214 0.224116 0.0286281 9.9973E-05 9.9973E-05 9.9973E-05 0.0104832 0.709551
0.175492 9.9964E-05 0.00362437 9.9964E-05 0.047251 9.9964E-05 9.9964E-05 0.773233
9.99459E-05 9.99459E-05 9.99459E-05 0.572646 9.99459E-05 0.426755 9.99459E-05 9.99459E-05
9.99459E-05 9.99459E-05 9.99459E-05 0.470399 9.99459E-05 0.529002 9.99459E-05 9.99459E-05
9.99459E-05 9.99459E-05 9.99459E-05 0.539544 9.99459E-05 0.459856 9.99459E-05 9.99459E-05
9.99459E-05 9.99459E-05 9.99459E-05 0.491478 9.99459E-05 0.507922 9.99459E-05 9.99459E-05
9.99639E-05 9.99639E-05 9.99639E-05 0.302106 0.150643 0.536085 9.99639E-05 0.010765
9.99459E-05 9.99459E-05 9.99459E-05 0.375607 9.99459E-05 0.623793 9.99459E-05 9.99459E-05
9.99459E-05 9.99459E-05 9.99459E-05 0.0300083 9.99459E-05 0.969392 9.99459E-05 9.99459E-05
0.187589 0.301331 9.9964E-05 9.9964E-05 9.9964E-05 9.9964E-05 0.0270552 0.483625
9.9955E-05 0.994074 0.000802521 9.9955E-05 9.9955E-05 9.9955E-05 0.00462363 9.9955E-05
9.9964E-05 0.588378 0.0111714 9.9964E-05 9.9964E-05 9.9964E-05 0.0313093 0.368742
0.0948648 0.232615 9.9964E-05 9.9964E-05 9.9964E-05 9.9964E-05 0.0400145 0.632106
0.0933994 0.375195 9.9964E-05 9.9964E-05 9.9964E-05 9.9964E-05 0.0275036 0.503502
0.0115756 0.166298 9.9991E-05 0.0232252 0.0102979 0.0286769 0.0240512 0.735775
0.105197 0.398952 9.9964E-05 9.9964E-05 9.9964E-05 9.9964E-05 0.041463 0.453989
9.9982E-05 0.16541 0.000383358 9.9982E-05 0.0263638 0.0542993 0.0197201 0.733624
9.9955E-05 0.878847 9.9955E-05 9.9955E-05 0.0175298 9.9955E-05 9.9955E-05 0.103123
0.0913458 0.394261 9.9964E-05 9.9964E-05 9.9964E-05 9.9964E-05 0.059814 0.45418
9.99639E-05 9.99639E-05 9.99639E-05 0.683077 0.0302591 0.268039 9.99639E-05 0.0182245
9.99549E-05 9.99549E-05 9.99549E-05 0.271618 0.643328 0.0845543 9.99549E-05 9.99549E-05
9.9955E-05 9.9955E-05 9.9955E-05 0.151754 0.417303 0.430443 9.9955E-05 9.9955E-05
9.9982E-05 0.00491571 0.00587267 0.132478 0.572383 0.27481 9.9982E-05 0.00933993
9.9964E-05 0.0213682 9.9964E-05 0.267464 0.665635 0.0451334 9.9964E-05 9.9964E-05
9.99459E-05 9.99459E-05 9.99459E-05 0.245925 0.753475 9.99459E-05 9.99459E-05 9.99459E-05
9.99536E-05 0.0308706 9.99536E-05 0.96853 9.99536E-05 9.99536E-05 9.99536E-05 9.99536E-05
0.0841505 0.532087 0.0111225 9.9982E-05 0.0748223 9.9982E-05 0.0200193 0.277599
9.9973E-05 0.0045275 9.9973E-05 0.175802 0.74092 0.0648869 0.0135629 9.9973E-05
9.99549E-05 9.99549E-05 0.204792 9.99549E-05 0.544324 0.250384 9.99549E-05 9.99549E-05
9.99549E-05 9.99549E-05 9.99549E-05 0.48348 0.427124 0.0888955 9.99549E-05 9.99549E-05
9.9946E-05 9.9946E-05 9.9946E-05 0.377657 0.621743 9.9946E-05 9.9946E-05 9.9946E-05
9.9964E-05 9.9964E-05 0.027529 0.229638 0.708991 9.9964E-05 9.9964E-05 0.0334424
0.00272741 9.9973E-05 0.00471994 0.867923 0.10496 9.9973E-05 9.9973E-05 0.0193698
9.9973E-05 0.00945307 0.0187668 0.873674 0.0922932 9.9973E-05 0.00551259 9.9973E-05
9.9955E-05 9.9955E-05 0.00789503 0.189654 0.801951 9.9955E-05 9.9955E-05 9.9955E-05
9.9964E-05 9.9964E-05 0.0139035 0.423647 0.400519 0.161531 9.9964E-05 9.9964E-05
9.99549E-05 9.99549E-05 9.99549E-05 0.902588 9.99549E-05 0.0827422 9.99549E-05 0.0141697
9.99549E-05 9.99549E-05 9.99549E-05 0.359167 0.222797 0.417536 9.99549E-05 9.99549E-05
9.99549E-05 9.99549E-05 0.00350888 0.95859 9.99549E-05 0.0374014 9.99549E-05 9.99549E-05
9.9955E-05 9.9955E-05 9.9955E-05 0.385526 0.0224293 0.591545 9.9955E-05 9.9955E-05
9.99459E-05 9.99459E-05 9.99459E-05 0.736232 9.99459E-05 0.263168 9.99459E-05 9.99459E-05
9.9955E-05 9.9955E-05 9.9955E-05 0.10106 0.378416 0.520023 9.9955E-05 9.9955E-05
9.9973E-05 0.054255 9.9973E-05 0.0145211 0.386213 0.493065 9.9973E-05 0.0516459
9.99458E-05 9.99458E-05 0.719677 0.279723 9.99458E-05 9.99458E-05 9.99458E-05 9.99458E-05
9.9955E-05 9.9955E-05 0.0174975 0.771746 0.210257 9.9955E-05 9.9955E-05 9.9955E-05
0.0169759 0.0310034 0.10132 0.832298 9.9973E-05 9.9973E-05 0.0181025 9.9973E-05
0.0695141 9.9982E-05 0.0903179 0.0770124 0.0643469 9.9982E-05 0.0100938 0.688515
0.0465215 0.0147721 0.0156569 0.890137 0.0326121 9.9973E-05 9.9973E-05 9.9973E-05
9.9964E-05 9.9964E-05 0.121562 9.9964E-05 0.555376 9.9964E-05 0.0147967 0.307866
9.9973E-05 0.120641 0.0490747 9.9973E-05 0.776645 9.9973E-05 0.00128561 0.0520538
9.9964E-05 0.0141442 9.9964E-05 0.0517052 0.384668 0.549083 9.9964E-05 9.9964E-05
0.0616156 9.9982E-05 0.0115021 0.316911 0.573694 9.9982E-05 0.0010251 0.0350522
9.9964E-05 0.053565 9.9964E-05 0.0176403 0.723504 0.204891 9.9964E-05 9.9964E-05
9.99549E-05 9.99549E-05 9.99549E-05 0.391657 0.556452 0.0513909 9.99549E-05 9.99549E-05
9.9973E-05 0.150235 0.159161 0.250196 0.36397 9.9973E-05 9.9973E-05 0.0761379
0.20054 9.9973E-05 0.0177258 0.00586344 9.9973E-05 9.9973E-05 0.0156669 0.759904
0.00127173 0.0315033 0.0181696 0.1078 0.784813 0.0451019 0.0112408 9.9991E-05
9.9973E-05 9.9973E-05 0.0469266 0.201153 0.610533 0.140417 9.9973E-05 0.00067015
9.9955E-05 0.573568 9.9955E-05 9.9955E-05 9.9955E-05 9.9955E-05 0.0179285 0.408003
9.9955E-05 0.791919 9.9955E-05 9.9955E-05 0.014051 9.9955E-05 9.9955E-05 0.19353
0.00815649 0.304855 9.9982E-05 0.00954879 9.9982E-05 0.0124566 0.00606658 0.658716
9.9991E-05 0.151284 0.00844752 0.00154695 0.0595256 0.0156302 0.0071188 0.756347
0.00720146 0.746985 9.9964E-05 9.9964E-05 9.9964E-05 9.9964E-05 0.0158516 0.229562
0.0581539 0.0291405 9.9991E-05 0.0313251 0.102493 0.00501023 0.022023 0.751754
0.145289 0.0557061 9.9964E-05 9.9964E-05 9.9964E-05 0.0331965 9.9964E-05 0.765409
9.9964E-05 0.588573 9.9964E-05 9.9964E-05 9.9964E-05 0.00487016 0.00622585 0.399931
0.0572799 0.320254 9.9964E-05 9.9964E-05 9.9964E-05 9.9964E-05 0.0278657 0.5942
9.9982E-05 0.26578 9.9982E-05 0.017057 0.0283194 0.0501468 0.0118064 0.62669
0.0454078 0.0239677 0.0204503 0.0164586 9.9991E-05 0.0343241 0.0203539 0.838938
9.9982E-05 0.245933 9.9982E-05 0.00144705 0.0486131 0.023493 0.0342782 0.646036
0.0997865 0.225323 0.0063117 9.9973E-05 9.9973E-05 0.011683 9.9973E-05 0.656596
9.9973E-05 0.206117 9.9973E-05 0.00401889 9.9973E-05 0.050988 0.0191509 0.719425
0.0201682 9.9991E-05 0.00568336 0.0253983 0.104763 0.0226405 0.0288265 0.79242
0.9993 9.994E-05 9.994E-05 9.994E-05 9.994E-05 9.994E-05 9.994E-05 9.994E-05
0.856977 9.99639E-05 9.99639E-05 0.0142502 0.0200381 9.99639E-05 9.99639E-05 0.108335
0.35156 0.64784 9.9946E-05 9.9946E-05 9.9946E-05 9.9946E-05 9.9946E-05 9.9946E-05
9.9973E-05 0.620926 9.9973E-05 9.9973E-05 0.0210828 0.012389 0.00141718 0.343885
0.151499 0.696717 9.9973E-05 0.00334088 9.9973E-05 9.9973E-05 0.000817641 0.147326
0.744707 9.99549E-05 9.99549E-05 9.99549E-05 9.99549E-05 0.0187154 9.99549E-05 0.236078
9.9955E-05 0.933246 9.9955E-05 9.9955E-05 0.0460299 9.9955E-05 9.9955E-05 0.020224
0.0665316 0.216086 9.9982E-05 9.9982E-05 0.0335632 0.0195921 0.0141039 0.649923
0.00854824 9.9982E-05 0.00582412 0.0350736 9.9982E-05 0.0781256 0.0296747 0.842554
0.0371355 0.0673692 0.00112429 0.0362214 0.15524 0.126568 0.0375958 0.538745
9.9982E-05 0.129066 9.9982E-05 0.0541334 0.098483 0.0815263 0.0225883 0.614003
0.9993 9.994E-05 9.994E-05 9.994E-05 9.994E-05 9.994E-05 9.994E-05 9.994E-05
9.9982E-05 9.9982E-05 0.0160153 0.0254844 0.0371359 0.0922558 0.016173 0.812736
9.9973E-05 0.164083 9.9973E-05 9.9973E-05 0.510402 0.121838 0.00104728 0.20233
9.9964E-05 9.9964E-05 9.9964E-05 0.095605 0.663954 0.0790229 9.9964E-05 0.161018
0.0295944 9.9964E-05 9.9964E-05 9.9964E-05 0.728812 0.0931988 9.9964E-05 0.147995
0.00979302 0.0930342 9.9991E-05 0.0426637 0.181035 0.0755208 0.015422 0.582431
0.0427149 9.9973E-05 0.00113002 0.0526893 9.9973E-05 9.9973E-05 0.0246315 0.878534
9.9982E-05 0.0898226 0.0018277 0.0108853 9.9982E-05 0.0792331 0.00544068 0.812591
0.00562982 0.050084 0.00994875 0.0230973 9.9991E-05 0.0419351 0.0253174 0.843888
9.9982E-05 0.0568824 9.9982E-05 0.023663 0.0596988 0.0112357 0.0292604 0.81906
0.0126045 0.0310058 0.0175163 0.0175858 9.9991E-05 0.0042553 0.030725 0.886207
9.9964E-05 9.9964E-05 9.9964E-05 9.9964E-05 0.719863 0.248915 0.00525055 0.025572
9.99549E-05 9.99549E-05 9.99549E-05 0.308501 0.644055 0.0469445 9.99549E-05 9.99549E-05
9.99549E-05 9.99549E-05 9.99549E-05 0.294595 0.508298 0.196607 9.99549E-05 9.99549E-05
9.9955E-05 9.9955E-05 9.9955E-05 0.066959 0.688044 0.244497 9.9955E-05 9.9955E-05
9.9982E-05 9.9982E-05 0.00471938 0.0693194 0.526225 0.363058 0.00547108 0.0310073
9.9955E-05 9.9955E-05 9.9955E-05 0.181572 0.685399 0.132529 9.9955E-05 9.9955E-05
0.00807096 9.9964E-05 9.9964E-05 0.051294 0.831374 0.108861 9.9964E-05 9.9964E-05
9.9955E-05 9.9955E-05 9.9955E-05 0.240453 0.510126 0.248921 9.9955E-05 9.9955E-05
9.99549E-05 9.99549E-05 9.99549E-05 0.567091 0.428032 0.00437727 9.99549E-05 9.99549E-05
9.9955E-05 9.9955E-05 9.9955E-05 0.132523 0.584964 0.282013 9.9955E-05 9.9955E-05
9.9955E-05 9.9955E-05 9.9955E-05 0.011438 0.673414 0.314648 9.9955E-05 9.9955E-05
0.00497269 0.00698219 9.9991E-05 0.0330555 0.594343 0.340424 0.00225101 0.017872
0.0940246 0.103674 0.0080014 0.0163341 0.0144914 9.9991E-05 0.0145269 0.748848
0.144336 0.359679 0.00692133 9.9973E-05 9.9973E-05 9.9973E-05 0.0247318 0.464032
0.00248916 0.193837 9.9982E-05 0.016817 9.9982E-05 0.0514253 0.00473672 0.730495
9.99459E-05 9.99459E-05 9.99459E-05 9.99459E-05 9.99459E-05 0.00125695 0.998143 9.99459E-05
0.0856622 0.0715364 0.0102184 0.0158309 9.9982E-05 9.9982E-05 0.0531539 0.763398
9.99639E-05 9.99639E-05 9.99639E-05 9.99639E-05 0.0967626 0.0277035 0.574733 0.300401
0.0600165 0.765943 0.0639068 0.0067203 0.0615021 9.9982E-05 0.0417116 9.9982E-05
0.124843 0.582342 0.0024796 9.9973E-05 9.9973E-05 9.9973E-05 0.0591039 0.230932
9.994E-05 9.994E-05 9.994E-05 9.994E-05 9.994E-05 9.994E-05 0.9993 9.994E-05
9.9982E-05 0.627308 0.0772833 0.0393358 0.0216996 9.9982E-05 0.0804535 0.15372
0.0413047 0.20634 9.9973E-05 0.0101628 9.9973E-05 9.9973E-05 0.0441276 0.697765
0.160941 0.0563001 0.012075 9.9973E-05 9.9973E-05 9.9973E-05 0.104635 0.665749
