0.0125703 0.159876 0.0242807 0.417218 9.9991E-05 0.277538 0.0128549 0.0273614 0.000161353 0.0680387
0.00496554 9.9982E-05 0.0329424 0.758117 0.0380368 0.115364 0.0104201 9.9982E-05 0.00606613 0.0338873
0.000330279 9.9991E-05 0.0379437 0.610305 0.0854022 0.209703 0.0228449 0.00378364 0.0161668 0.01342
0.0225822 0.313837 0.124641 0.37516 9.9982E-05 0.0299891 0.0172101 0.0991486 0.0172317 9.9982E-05
0.0158263 9.9973E-05 0.0412999 0.667903 9.9973E-05 0.188174 0.0243197 9.9973E-05 0.0148434 0.0473338
0.0164464 9.9964E-05 9.9964E-05 0.848409 9.9964E-05 0.0796956 0.0315569 0.0175723 0.0059196 9.9964E-05
0.00693362 0.0933846 9.9973E-05 0.781938 9.9973E-05 0.0528362 0.00591568 9.9973E-05 0.00930786 0.0493843
0.00257458 0.00581112 0.0274903 0.0410037 0.011454 0.859386 0.0288762 0.00533846 9.9991E-05 0.0179655
0.00857823 0.0782888 0.025474 0.100547 0.017866 0.723706 0.00581927 0.00331543 9.9991E-05 0.036305
9.9946E-05 9.9946E-05 9.9946E-05 9.9946E-05 9.9946E-05 0.692539 0.0245088 9.9946E-05 0.000446998 0.281906
0.00312592 9.9964E-05 0.0102659 0.0310753 0.0150129 0.855522 9.9964E-05 9.9964E-05 9.9964E-05 0.0845985
9.9973E-05 9.9973E-05 0.0312929 9.9973E-05 0.0244957 0.776416 0.0209743 0.00529968 0.0111624 0.130059
0.00505113 0.0420899 0.0342146 9.9973E-05 9.9973E-05 0.898953 0.00529502 9.9973E-05 0.0100293 0.00406672
9.9937E-05 9.9937E-05 9.9937E-05 9.9937E-05 9.9937E-05 0.803309 0.0062244 9.9937E-05 9.9937E-05 0.189767
9.9964E-05 9.9964E-05 0.0113867 0.00815715 9.9964E-05 0.858746 0.0121794 0.0197652 9.9964E-05 0.0893657
0.00431475 0.123675 0.00555847 0.044291 0.00191218 0.755857 9.9973E-05 9.9973E-05 9.9973E-05 0.0640924
0.00761205 9.9955E-05 9.9955E-05 0.00181302 9.9955E-05 0.625543 0.000731296 9.9955E-05 9.9955E-05 0.3638
9.9964E-05 0.0515357 0.0264334 0.0860935 0.00305951 0.699509 9.9964E-05 9.9964E-05 9.9964E-05 0.132969
9.9955E-05 0.00542503 0.0153753 9.9955E-05 9.9955E-05 0.719663 9.9955E-05 9.9955E-05 0.00408198 0.254955
0.00862035 0.0759252 0.0123096 0.152288 0.0287699 0.64559 0.00667988 0.00742301 0.00180129 0.0605934
9.9955E-05 0.0857435 9.9955E-05 0.00550227 9.9955E-05 0.741639 0.0119035 9.9955E-05 9.9955E-05 0.154712
9.9964E-05 0.0540088 9.9964E-05 0.0773742 9.9964E-05 0.739958 0.0160047 0.0224008 9.9964E-05 0.0898536
9.9955E-05 0.037709 9.9955E-05 0.00323512 0.0387138 0.75209 9.9955E-05 9.9955E-05 9.9955E-05 0.167753
9.9964E-05 0.06069 9.9964E-05 0.0875037 0.0153611 0.672318 0.00462368 9.9964E-05 9.9964E-05 0.159103
9.9964E-05 9.9964E-05 9.9964E-05 0.111738 9.9964E-05 0.738589 0.0511056 0.00279237 0.00381411 0.0915609
9.9964E-05 0.0995838 9.9964E-05 0.0134641 0.000104108 0.737466 0.0108392 9.9964E-05 9.9964E-05 0.138143
0.0070429 0.0945389 9.9964E-05 0.0158178 9.9964E-05 0.747181 9.9964E-05 9.9964E-05 0.00558175 0.129438
9.99279E-05 9.99279E-05 9.99279E-05 9.99279E-05 9.99279E-05 0.664605 9.99279E-05 9.99279E-05 9.99279E-05 0.334596
9.9973E-05 0.11793 9.9973E-05 0.0819983 0.0314861 0.707323 0.0375899 0.00585671 9.9973E-05 0.017516
0.0160938 0.319193 9.9982E-05 0.554326 0.00462327 0.0921221 0.00522084 9.9982E-05 0.00797569 0.00024523
0.00172779 0.34169 0.0314966 0.514872 0.0324125 0.0707004 0.00680115 9.9973E-05 9.9973E-05 9.9973E-05
0.0126807 0.243751 9.9982E-05 0.491245 0.0804984 0.138107 0.00461732 9.9982E-05 0.00607043 0.0228304
0.0252733 0.0776525 9.9982E-05 0.229993 0.0391731 0.549967 0.00691523 9.9982E-05 0.00633011 0.064495
0.0133868 0.0850203 9.9973E-05 0.663482 0.0103702 0.13094 9.9973E-05 0.0327258 9.9973E-05 0.0637751
9.99369E-05 9.99369E-05 9.99369E-05 0.230947 9.99369E-05 0.401943 9.99369E-05 9.99369E-05 9.99369E-05 0.36641
0.00474885 0.0613322 0.0263614 0.197699 9.9982E-05 0.607223 0.00397354 0.0250159 9.9982E-05 0.0734466
9.99201E-05 9.99201E-05 9.99201E-05 9.99201E-05 9.99201E-05 9.99201E-05 9.99201E-05 9.99201E-05 0.999101 9.99201E-05
0.00686809 0.0626741 9.9973E-05 0.057952 9.9973E-05 0.772253 0.0338007 9.9973E-05 0.0104562 0.0556956
0.00081474 0.035438 0.00660517 0.0898727 0.000818001 0.741842 0.0121174 0.061362 0.00174264 0.0493877
0.0105681 0.0653183 9.9991E-05 0.200273 0.0134923 0.626441 0.00771414 0.0248795 0.00666719 0.0445465
0.0199644 0.131828 0.000869352 0.156744 0.0360399 0.558089 9.9991E-05 0.0325885 0.00960567 0.0541716
0.0297326 0.0540181 0.0388049 0.746275 0.0160235 0.0544431 9.9991E-05 0.0444298 0.00300293 0.0131704
0.00655192 0.321821 9.99775E-05 0.525568 9.99775E-05 0.112372 0.00269011 9.99775E-05 0.00133013 0.0293675
0.00706387 0.00458042 0.0243046 9.99585E-05 9.99585E-05 0.932479 9.99585E-05 0.0310721 9.99585E-05 9.99585E-05
0.000163899 9.9955E-05 9.9955E-05 9.9955E-05 9.9955E-05 0.964634 0.0055924 0.00866978 0.0204405 9.9955E-05
0.00935946 9.99596E-05 9.99596E-05 9.99596E-05 9.99596E-05 0.856035 0.014198 9.99596E-05 0.0237504 0.0961571
0.0162326 9.9982E-05 0.0119433 0.00822555 0.0196444 0.905902 0.0120022 0.00625637 9.9982E-05 0.0195943
0.00788265 0.0515649 0.0575599 9.9964E-05 9.9964E-05 0.878574 9.9964E-05 0.00281444 0.00120441 9.9964E-05
0.0105182 9.9982E-05 0.0247174 0.00280051 0.0107268 0.936779 0.00860347 9.9982E-05 0.00207402 0.00358095
0.00650436 0.0141493 0.015421 9.9964E-05 9.9964E-05 0.885181 9.9964E-05 0.00416563 9.9964E-05 0.074179
9.9937E-05 9.9937E-05 9.9937E-05 9.9937E-05 9.9937E-05 0.883567 9.9937E-05 9.9937E-05 0.0119644 0.103769
0.0112281 0.0304377 0.00834325 9.9991E-05 0.040528 0.893925 0.00216797 0.0110656 0.00013934 0.00206464
9.9937E-05 9.9937E-05 9.9937E-05 9.9937E-05 0.00627944 0.960997 9.9937E-05 0.0320244 9.9937E-05 9.9937E-05
0.00154308 9.9937E-05 9.9937E-05 9.9937E-05 9.9937E-05 0.888387 9.9937E-05 9.9937E-05 9.9937E-05 0.10937
0.013312 0.123019 0.0153634 0.255962 9.99549E-05 9.99549E-05 9.99549E-05 0.591843 9.99549E-05 9.99549E-05
9.9964E-05 9.9964E-05 0.48346 9.9964E-05 0.264783 9.9964E-05 0.0113333 0.224603 0.00904583 0.00637531
9.99369E-05 9.99369E-05 0.886096 0.0724183 9.99369E-05 0.0407863 9.99369E-05 9.99369E-05 9.99369E-05 9.99369E-05
0.0303396 9.9955E-05 0.0383246 0.664378 0.0185262 9.9955E-05 9.9955E-05 0.247932 9.9955E-05 9.9955E-05
0.0278423 9.9973E-05 0.0719108 0.602 0.12056 9.9973E-05 0.00407162 0.155664 0.0176512 9.9973E-05
9.99459E-05 9.99459E-05 9.99459E-05 9.99459E-05 9.99459E-05 0.0284462 9.99459E-05 0.92787 0.00145877 0.0416253
0.0377967 0.156919 0.138302 0.497543 9.9973E-05 9.9973E-05 0.00211584 0.16614 0.000883587 9.9973E-05
9.9964E-05 9.9964E-05 0.161445 0.634237 0.0278387 9.9964E-05 0.0287967 0.144088 0.00319407 9.9964E-05
0.0213417 0.257098 0.0187226 0.282481 0.0040931 0.27331 0.00687317 0.0315022 0.000881757 0.103697
9.99369E-05 9.99369E-05 9.99369E-05 0.0293461 0.826977 9.99369E-05 9.99369E-05 0.142977 9.99369E-05 9.99369E-05
0.00440104 0.195022 0.054737 0.6673 9.9973E-05 0.067705 0.00556495 9.9973E-05 9.9973E-05 0.0049703
0.00301293 0.467587 0.00718473 0.430192 0.0413113 0.0364667 9.9982E-05 0.00819968 0.00584547 9.9982E-05
9.9973E-05 0.249497 0.033645 0.567485 0.0454815 0.00526018 0.00989146 0.0884401 9.9973E-05 9.9973E-05
0.0118173 0.409236 0.0793966 0.406279 0.0262596 0.000378019 0.00273746 0.045265 9.9991E-05 0.0185312
9.9982E-05 0.0794365 0.0297985 0.745078 0.0392883 0.000181234 0.00590407 0.0938186 0.00629522 9.9982E-05
0.00821187 0.539835 9.9955E-05 0.155922 0.0408527 9.9955E-05 9.9955E-05 0.254679 9.9955E-05 9.9955E-05
9.9946E-05 0.662076 0.224696 0.0644492 9.9946E-05 0.0481789 9.9946E-05 9.9946E-05 9.9946E-05 9.9946E-05
0.0231706 0.655261 9.9946E-05 9.9946E-05 0.0210397 9.9946E-05 9.9946E-05 0.299929 9.9946E-05 9.9946E-05
0.0122969 0.425124 0.498417 9.99459E-05 0.0635627 9.99459E-05 9.99459E-05 9.99459E-05 9.99459E-05 9.99459E-05
9.9973E-05 0.140437 0.147585 0.494674 0.170087 0.0150337 9.9973E-05 0.0164595 0.0154241 9.9973E-05
9.99369E-05 9.99369E-05 0.857241 0.122159 9.99369E-05 0.0199005 9.99369E-05 9.99369E-05 9.99369E-05 9.99369E-05
0.0100364 9.99369E-05 0.975996 9.99369E-05 9.99369E-05 0.0132684 9.99369E-05 9.99369E-05 9.99369E-05 9.99369E-05
0.00798134 0.112766 9.9973E-05 0.731682 9.9973E-05 0.0782756 0.00306899 0.0314898 9.9973E-05 0.0344371
0.00298196 0.0727361 0.0800402 0.704351 0.0650594 9.9964E-05 9.9964E-05 0.0744313 9.9964E-05 9.9964E-05
0.00583192 0.494089 0.0170861 0.153882 9.9973E-05 9.9973E-05 0.00877684 0.307372 0.0126622 9.9973E-05
9.9982E-05 0.146893 0.141836 0.591382 0.029644 0.0293473 0.00496092 0.0512363 0.00450044 9.9982E-05
9.9964E-05 0.405956 9.9964E-05 0.430336 0.061697 9.9964E-05 0.0156363 0.0840476 0.00192674 9.9964E-05
9.9973E-05 0.304202 0.0143385 0.556027 0.0109553 0.0967178 0.00324638 9.9973E-05 9.9973E-05 0.0142131
9.9964E-05 0.110317 0.0314319 0.588057 0.134583 9.9964E-05 0.00365509 0.131557 9.9964E-05 9.9964E-05
9.9955E-05 0.0682252 0.15777 0.641497 0.120397 9.9955E-05 9.9955E-05 9.9955E-05 0.0116109 9.9955E-05
9.9955E-05 0.164676 9.9955E-05 0.66312 9.9955E-05 0.0123003 0.00833456 0.151069 9.9955E-05 9.9955E-05
9.99279E-05 9.99279E-05 9.99279E-05 9.99279E-05 9.99279E-05 0.307295 9.99279E-05 9.99279E-05 9.99279E-05 0.691906
9.9937E-05 9.9937E-05 9.9937E-05 9.9937E-05 9.9937E-05 0.417793 0.0102642 9.9937E-05 9.9937E-05 0.571244
9.99279E-05 9.99279E-05 9.99279E-05 9.99279E-05 9.99279E-05 0.368164 9.99279E-05 9.99279E-05 9.99279E-05 0.631037
9.99279E-05 9.99279E-05 9.99279E-05 9.99279E-05 9.99279E-05 0.422744 9.99279E-05 9.99279E-05 9.99279E-05 0.576456
0.0016364 0.00655013 9.9946E-05 9.9946E-05 9.9946E-05 0.603362 9.9946E-05 9.9946E-05 9.9946E-05 0.387852
9.99279E-05 9.99279E-05 9.99279E-05 9.99279E-05 9.99279E-05 0.543062 9.99279E-05 9.99279E-05 9.99279E-05 0.456139
9.9928E-05 9.9928E-05 9.9928E-05 9.9928E-05 9.9928E-05 0.868 9.9928E-05 9.9928E-05 9.9928E-05 0.1312
0.0129496 0.374774 0.0937622 0.29648 0.0575267 9.9964E-05 9.9964E-05 0.164108 9.9964E-05 9.9964E-05
9.99201E-05 9.99201E-05 0.999101 9.99201E-05 9.99201E-05 9.99201E-05 9.99201E-05 9.99201E-05 9.99201E-05 9.99201E-05
0.014743 0.842918 9.9955E-05 9.9955E-05 0.0764377 9.9955E-05 9.9955E-05 0.0464555 0.018946 9.9955E-05
0.0230682 0.804846 0.0099565 0.148578 9.9955E-05 9.9955E-05 9.9955E-05 0.0130513 9.9955E-05 9.9955E-05
0.0134213 0.718666 0.0590387 0.114237 0.0344125 9.9964E-05 9.9964E-05 0.0598245 9.9964E-05 9.9964E-05
0.0155265 0.440984 0.0247304 0.4203 0.0298136 0.0682451 9.9964E-05 9.9964E-05 9.9964E-05 9.9964E-05
0.0231535 0.922651 9.9946E-05 9.9946E-05 0.0122275 9.9946E-05 9.9946E-05 0.0413682 9.9946E-05 9.9946E-05
0.00820841 9.9964E-05 0.10895 0.798375 0.0454357 0.0365928 9.9964E-05 9.9964E-05 0.00203822 9.9964E-05
9.9964E-05 0.636144 0.268348 9.9964E-05 0.0487261 9.9964E-05 0.00784824 0.0281451 0.0103881 9.9964E-05
0.0378536 0.860363 0.0186495 0.00547269 9.9982E-05 0.000924484 0.00424035 0.0694384 0.00285767 9.9982E-05
9.99369E-05 9.99369E-05 9.99369E-05 9.99369E-05 9.99369E-05 0.278008 0.00890988 9.99369E-05 9.99369E-05 0.712383
0.00304261 0.0143214 9.9955E-05 0.0295164 9.9955E-05 0.572728 9.9955E-05 9.9955E-05 9.9955E-05 0.379892
9.9955E-05 9.9955E-05 0.00946028 0.00565413 9.9955E-05 0.752154 0.00637658 9.9955E-05 9.9955E-05 0.225855
9.9964E-05 9.9964E-05 0.00509669 0.0598187 0.00765937 0.700696 0.0229475 9.9964E-05 9.9964E-05 0.203381
0.000815148 0.055109 9.9964E-05 0.0406796 9.9964E-05 0.514243 0.0240365 9.9964E-05 9.9964E-05 0.364717
9.9955E-05 0.0349458 9.9955E-05 0.0243973 9.9955E-05 0.567342 0.00725989 9.9955E-05 9.9955E-05 0.365556
9.9928E-05 9.9928E-05 9.9928E-05 9.9928E-05 9.9928E-05 9.9928E-05 9.9928E-05 0.0173091 9.9928E-05 0.981891
0.0123802 0.746509 0.0850393 0.000346883 9.9991E-05 0.0160207 0.0224894 0.0814133 0.00861934 0.0270817
0.0118789 9.9955E-05 9.9955E-05 0.110536 9.9955E-05 0.576217 0.00532575 9.9955E-05 9.9955E-05 0.295543
9.99459E-05 9.99459E-05 9.99459E-05 0.0545825 9.99459E-05 0.715087 9.99459E-05 9.99459E-05 0.198193 0.0315375
9.99459E-05 9.99459E-05 9.99459E-05 0.0336924 9.99459E-05 0.375392 9.99459E-05 9.99459E-05 0.00743098 0.582885
9.99369E-05 9.99369E-05 9.99369E-05 0.119991 9.99369E-05 0.255063 9.99369E-05 9.99369E-05 9.99369E-05 0.624246
9.9955E-05 0.0232055 9.9955E-05 0.101013 9.9955E-05 0.480633 0.0582794 9.9955E-05 9.9955E-05 0.336369
9.9946E-05 9.9946E-05 9.9946E-05 0.00225818 0.0369268 9.9946E-05 0.00484503 9.9946E-05 9.9946E-05 0.95537
0.0113058 0.00635902 9.99611E-05 9.99611E-05 9.99611E-05 9.99611E-05 0.0456819 0.00171417 9.99611E-05 0.934439
9.9973E-05 0.0224969 9.9973E-05 0.0337837 0.0319711 0.581409 0.00817278 9.9973E-05 0.00490052 0.316966
9.9973E-05 0.0121998 9.9973E-05 0.00905659 0.0148439 0.427321 0.0212636 9.9973E-05 0.00251306 0.512502
0.000154455 0.0110896 9.9955E-05 9.9955E-05 9.9955E-05 0.0259414 0.000536647 9.9955E-05 9.9955E-05 0.961778
9.99369E-05 9.99369E-05 9.99369E-05 9.99369E-05 9.99369E-05 0.570013 0.0261559 9.99369E-05 9.99369E-05 0.403132
9.99279E-05 9.99279E-05 9.99279E-05 9.99279E-05 9.99279E-05 9.99279E-05 0.0196469 9.99279E-05 9.99279E-05 0.979554
9.9937E-05 9.9937E-05 9.9937E-05 9.9937E-05 9.9937E-05 0.543489 0.0126312 9.9937E-05 9.9937E-05 0.44318
9.99369E-05 9.99369E-05 9.99369E-05 9.99369E-05 9.99369E-05 0.150287 0.0029852 9.99369E-05 9.99369E-05 0.846028
9.9964E-05 0.0242299 0.00191085 0.000330956 9.9964E-05 0.786135 0.000226406 9.9964E-05 9.9964E-05 0.186767
0.000852505 0.101107 0.0269524 9.9964E-05 9.9964E-05 0.79129 9.9964E-05 9.9964E-05 0.00915179 0.0702459
9.99201E-05 9.99201E-05 9.99201E-05 9.99201E-05 9.99201E-05 9.99201E-05 0.999101 9.99201E-05 9.99201E-05 9.99201E-05
0.00569581 9.9955E-05 9.9955E-05 9.9955E-05 0.0133285 0.0901867 9.9955E-05 9.9955E-05 0.015858 0.874431
0.00943853 9.9955E-05 0.052144 9.9955E-05 9.9955E-05 9.9955E-05 0.0433469 9.9955E-05 0.0711959 0.823375
9.9973E-05 9.9973E-05 0.00225121 0.742727 0.0181624 9.9973E-05 0.0602694 0.0667291 0.0208467 0.0887141
9.9937E-05 9.9937E-05 9.9937E-05 9.9937E-05 9.9937E-05 9.9937E-05 9.9937E-05 0.0445112 0.0303638 0.924425
0.0151247 9.9973E-05 9.9973E-05 0.386764 0.0297599 0.367438 0.0589271 9.9973E-05 0.0445893 0.0970971
9.9964E-05 9.9964E-05 9.9964E-05 0.190564 0.121797 0.510236 0.00901576 9.9964E-05 0.0286146 0.139373
0.00543373 0.0218384 9.9955E-05 9.9955E-05 0.011896 0.825836 9.9955E-05 9.9955E-05 9.9955E-05 0.134496
0.00137113 0.0568381 9.9982E-05 0.11753 9.9982E-05 0.347797 0.0070455 0.0141575 0.00845139 0.446609
9.9973E-05 0.0614114 0.00481628 0.0363581 0.0350168 0.742564 0.000873369 9.9973E-05 9.9973E-05 0.11866
9.99459E-05 0.0265184 9.99459E-05 0.0308314 9.99459E-05 0.434671 9.99459E-05 9.99459E-05 9.99459E-05 0.50738
9.9991E-05 0.0594135 0.0668289 0.134139 0.0669742 0.137539 0.0598345 0.00180889 0.0570416 0.416321
0.00506083 0.0783678 0.0495923 0.683596 0.0139346 9.9973E-05 9.9973E-05 0.16445 0.0046991 9.9973E-05
0.00334164 0.0844652 9.9964E-05 0.0540054 9.9964E-05 0.607933 0.0461981 9.9964E-05 9.9964E-05 0.203657
9.9955E-05 9.9955E-05 9.9955E-05 0.0806704 9.9955E-05 0.552607 0.0233582 9.9955E-05 0.0253038 0.317561
0.00699757 0.449605 0.359427 0.183371 9.9946E-05 9.9946E-05 9.9946E-05 9.9946E-05 9.9946E-05 9.9946E-05
9.9955E-05 0.765088 0.160652 9.9955E-05 0.011378 9.9955E-05 0.0100205 0.0523616 9.9955E-05 9.9955E-05
9.9964E-05 0.155534 0.21442 0.626031 9.9964E-05 9.9964E-05 9.9964E-05 0.00150933 0.00171188 0.000393565
9.9964E-05 0.237747 0.0521354 0.64878 9.9964E-05 0.0509877 0.00727637 9.9964E-05 9.9964E-05 0.00267377
0.00242321 0.173519 0.631232 0.192227 9.99459E-05 9.99459E-05 9.99459E-05 9.99459E-05 9.99459E-05 9.99459E-05
0.00373127 0.102466 0.0583772 0.730558 9.9964E-05 0.0763207 9.9964E-05 9.9964E-05 9.9964E-05 0.0281463
9.9964E-05 0.119166 0.118013 0.702931 9.9964E-05 0.0117656 9.9964E-05 0.0447288 0.0029956 9.9964E-05
9.9937E-05 0.889219 0.107618 9.9937E-05 9.9937E-05 0.00246313 9.9937E-05 9.9937E-05 9.9937E-05 9.9937E-05
0.000632162 0.979208 9.9946E-05 9.9946E-05 9.9946E-05 0.0139274 9.9946E-05 0.00563257 9.9946E-05 9.9946E-05
9.99459E-05 0.572834 0.0718814 0.24192 9.99459E-05 0.112765 9.99459E-05 9.99459E-05 9.99459E-05 9.99459E-05
9.9982E-05 0.149662 0.0131029 0.765053 0.00611402 0.0167649 0.0150357 0.0302557 0.00381158 9.9982E-05
0.0102442 0.687582 9.9946E-05 0.217761 9.9946E-05 0.0838131 9.9946E-05 9.9946E-05 9.9946E-05 9.9946E-05
9.9973E-05 0.288145 0.154032 0.458987 0.0732595 0.0125461 9.9973E-05 0.0107516 0.00197931 9.9973E-05
9.9937E-05 0.72789 9.9937E-05 0.178075 9.9937E-05 0.0933357 9.9937E-05 9.9937E-05 9.9937E-05 9.9937E-05
0.0154718 0.201145 9.9955E-05 0.650004 9.9955E-05 0.0888489 9.9955E-05 9.9955E-05 9.9955E-05 0.0440305
9.99201E-05 9.99201E-05 9.99201E-05 9.99201E-05 9.99201E-05 9.99201E-05 9.99201E-05 0.999101 9.99201E-05 9.99201E-05
9.99459E-05 9.99459E-05 9.99459E-05 0.0909302 0.0114104 0.0269968 9.99459E-05 0.870063 9.99459E-05 9.99459E-05
9.9937E-05 9.9937E-05 0.998103 9.9937E-05 9.9937E-05 9.9937E-05 9.9937E-05 0.000831669 0.00036612 9.9937E-05
9.9937E-05 0.990813 9.9937E-05 9.9937E-05 9.9937E-05 9.9937E-05 9.9937E-05 9.9937E-05 0.0038121 0.00467542
9.9964E-05 0.432046 0.122979 0.0166194 0.101266 9.9964E-05 0.00517112 0.321518 9.9964E-05 9.9964E-05
0.000934584 9.9955E-05 0.104458 0.278097 9.9955E-05 9.9955E-05 0.0122863 0.603725 9.9955E-05 9.9955E-05
0.00441227 0.866791 9.9955E-05 9.9955E-05 9.9955E-05 9.9955E-05 0.00796975 0.110458 0.00986914 9.9955E-05
9.9973E-05 0.426603 0.0573041 0.409523 0.0251123 0.0406747 0.00297316 0.0375101 9.9973E-05 9.9973E-05
0.0230269 9.9955E-05 9.9955E-05 0.909038 9.9955E-05 0.0123097 0.00959384 9.9955E-05 9.9955E-05 0.0455319
0.0236933 0.178525 0.0148859 0.479249 0.0212138 0.200569 9.9982E-05 0.00331857 9.9982E-05 0.0783453
9.9946E-05 0.359316 9.9946E-05 0.419533 9.9946E-05 0.162894 9.9946E-05 9.9946E-05 9.9946E-05 0.0576573
9.99201E-05 9.99201E-05 9.99201E-05 9.99201E-05 9.99201E-05 9.99201E-05 9.99201E-05 0.999101 9.99201E-05 9.99201E-05
0.00699994 9.9955E-05 9.9955E-05 0.878791 9.9955E-05 0.0415555 0.00260984 9.9955E-05 9.9955E-05 0.0695441
0.00215661 0.175427 0.0237854 0.208426 0.0149774 0.512965 0.00494072 0.0105627 0.00375966 0.0429992
9.9937E-05 9.9937E-05 9.9937E-05 0.267932 9.9937E-05 0.514706 9.9937E-05 9.9937E-05 9.9937E-05 0.216663
9.9982E-05 0.0880661 0.00081836 0.159029 9.9982E-05 0.669988 0.0013893 0.0058885 0.00389525 0.0707253
0.00454662 0.342874 9.9973E-05 0.32963 0.0272464 0.261234 0.00763111 9.9973E-05 9.9973E-05 0.0265391
9.9946E-05 0.321262 9.9946E-05 0.647732 9.9946E-05 0.00221389 9.9946E-05 9.9946E-05 9.9946E-05 0.0281929
9.9973E-05 0.0186399 0.0733091 0.761587 0.0701193 0.0684708 9.9973E-05 9.9973E-05 0.00365376 0.00392062
0.0111604 0.0045725 0.0417419 0.871269 0.0103545 0.0320745 0.00105483 0.0110309 0.0061237 0.0106181
0.00941159 0.398102 9.9946E-05 0.494761 9.9946E-05 0.0971249 9.9946E-05 9.9946E-05 9.9946E-05 9.9946E-05
0.0132316 0.0397309 0.00592954 0.845618 0.0491602 0.00627764 9.9982E-05 0.0347832 0.00506901 9.9982E-05
0.0010114 9.9955E-05 9.9955E-05 0.116058 9.9955E-05 0.778172 9.9955E-05 9.9955E-05 0.00505903 0.0992
9.9946E-05 0.0211991 9.9946E-05 9.9946E-05 9.9946E-05 0.557877 0.0105818 9.9946E-05 9.9946E-05 0.409742
0.00301792 9.9946E-05 9.9946E-05 9.9946E-05 9.9946E-05 0.613336 0.00824303 9.9946E-05 9.9946E-05 0.374803
9.9955E-05 0.0477242 9.9955E-05 0.0166678 9.9955E-05 0.766698 0.0124823 9.9955E-05 9.9955E-05 0.155928
0.00483925 0.0341548 9.9973E-05 0.0413815 9.9973E-05 0.758689 0.00552767 9.9973E-05 0.0035439 0.151564
9.9937E-05 9.9937E-05 9.9937E-05 0.0677366 9.9937E-05 0.639654 9.9937E-05 9.9937E-05 9.9937E-05 0.29191
9.9946E-05 9.9946E-05 9.9946E-05 0.0959465 0.00968111 0.720277 9.9946E-05 9.9946E-05 9.9946E-05 0.173495
0.00239644 9.9964E-05 9.9964E-05 0.0357629 9.9964E-05 0.606028 9.9964E-05 0.00169886 0.000463325 0.353251
9.9937E-05 9.9937E-05 9.9937E-05 9.9937E-05 9.9937E-05 0.335975 9.9937E-05 0.00236842 9.9937E-05 0.660957
0.00232034 0.000264004 9.9964E-05 0.0354681 0.0116156 0.723924 9.9964E-05 9.9964E-05 9.9964E-05 0.226008
9.9946E-05 9.9946E-05 9.9946E-05 9.9946E-05 0.0387146 0.887766 0.0176553 9.9946E-05 9.9946E-05 0.0552643
0.00570196 0.0105695 0.0133444 0.0494206 9.9991E-05 0.80372 0.00471434 0.00412694 0.00552637 0.102776
9.9964E-05 9.9964E-05 0.0930628 0.755533 0.0695073 0.0040241 9.9964E-05 0.0676015 9.9964E-05 0.00987151
9.99459E-05 0.114045 9.99459E-05 0.00209858 0.881938 0.00131882 9.99459E-05 9.99459E-05 9.99459E-05 9.99459E-05
9.9955E-05 0.476628 0.00572101 0.404404 0.0378233 0.0749246 9.9955E-05 9.9955E-05 9.9955E-05 9.9955E-05
0.997162 9.99279E-05 9.99279E-05 9.99279E-05 9.99279E-05 0.00203863 9.99279E-05 9.99279E-05 9.99279E-05 9.99279E-05
0.0309877 0.330117 9.9955E-05 0.462712 0.16604 9.9955E-05 9.9955E-05 9.9955E-05 9.9955E-05 0.00964339
0.583725 9.99368E-05 9.99368E-05 0.303117 9.99368E-05 0.112458 9.99368E-05 9.99368E-05 9.99368E-05 9.99368E-05
9.99369E-05 9.99369E-05 9.99369E-05 9.99369E-05 0.990728 9.99369E-05 0.000815519 9.99369E-05 0.00775671 9.99369E-05
0.0231609 0.113022 0.0472005 9.99549E-05 0.795325 9.99549E-05 9.99549E-05 0.0207922 9.99549E-05 9.99549E-05
0.999101 9.99201E-05 9.99201E-05 9.99201E-05 9.99201E-05 9.99201E-05 9.99201E-05 9.99201E-05 9.99201E-05 9.99201E-05
9.99369E-05 9.99369E-05 9.99369E-05 9.99369E-05 0.962089 9.99369E-05 0.0127723 9.99369E-05 9.99369E-05 0.0244392
0.00597396 0.227255 9.99549E-05 0.316438 0.435197 0.0146365 9.99549E-05 9.99549E-05 9.99549E-05 9.99549E-05
0.0381162 9.99369E-05 9.99369E-05 0.334977 0.626207 9.99369E-05 9.99369E-05 9.99369E-05 9.99369E-05 9.99369E-05
