0.0814112 0.0339697 9.9991E-05 0.20451 0.209216 0.470793
9.999E-05 0.0559294 0.0303162 0.105981 0.0696841 0.73799
0.106293 0.0410976 0.00299961 0.177376 0.140907 0.531327
0.218271 0.0719571 0.0353183 9.9991E-05 0.016933 0.65742
0.0378806 0.0632237 0.0349518 0.207856 0.0974509 0.558637
0.0389421 0.051887 9.9991E-05 0.161925 0.0191956 0.72795
0.0130529 0.051252 0.00859518 0.188305 9.9991E-05 0.738695
9.9982E-05 0.0110072 9.9982E-05 0.243408 0.661727 0.0836587
0.00750144 0.020858 9.9991E-05 0.259347 0.513667 0.198527
9.9973E-05 9.9973E-05 0.218554 0.0554557 0.72569 9.9973E-05
9.9982E-05 9.9982E-05 0.0145574 0.266035 0.668341 0.0508667
0.0258036 0.00651736 0.0841927 0.141498 0.68988 0.0521091
9.9973E-05 9.9973E-05 9.9973E-05 0.250244 0.647594 0.101862
9.9973E-05 9.9973E-05 0.111686 0.159844 0.72817 9.9973E-05
0.00383309 9.9982E-05 0.0221692 0.460245 0.513553 9.9982E-05
0.0239888 9.9982E-05 9.9982E-05 0.513394 0.375396 0.0870213
9.99729E-05 9.99729E-05 0.231697 0.338487 0.429516 9.99729E-05
9.9982E-05 9.9982E-05 0.0489873 0.35344 0.460413 0.13696
9.9973E-05 9.9973E-05 0.140679 0.394354 0.464667 9.9973E-05
0.0395554 0.0194109 9.9991E-05 0.520747 0.264594 0.155592
9.9982E-05 9.9982E-05 0.043408 0.588939 0.338771 0.0286827
0.0266291 0.000458366 9.9991E-05 0.576883 0.348354 0.0475751
9.999E-05 0.00368548 0.0554455 0.499926 0.419632 0.0212105
0.0100861 9.9991E-05 0.00347458 0.8073 0.143259 0.0357798
0.00809115 9.9973E-05 9.9973E-05 0.885229 0.10638 9.9973E-05
0.00363758 9.9982E-05 9.9982E-05 0.817591 0.177524 0.00104802
9.999E-05 0.00544569 0.0491412 0.461007 0.414915 0.0693915
9.99729E-05 9.99729E-05 0.19321 0.463699 0.342791 9.99729E-05
0.0399617 0.0129191 9.9991E-05 0.459331 0.328898 0.15879
9.999E-05 0.0676576 0.0213627 0.0430924 0.0332541 0.834533
0.0602414 0.0621426 9.9982E-05 9.9982E-05 0.0863256 0.79109
0.00137784 0.0555437 0.0508234 0.0379168 0.0913532 0.762985
0.0469299 0.0450186 9.9991E-05 0.547352 0.165557 0.195043
9.999E-05 0.0521193 0.0442393 0.131023 0.0567618 0.715756
0.00405609 0.00732726 0.0808766 0.886385 9.9991E-05 0.0212553
0.0447281 9.9982E-05 9.9982E-05 0.483078 0.277493 0.194501
0.567634 9.99641E-05 0.431967 9.99641E-05 9.99641E-05 9.99641E-05
0.00888283 0.00885652 0.00799259 0.568326 0.356552 0.04939
0.0698213 0.000108957 9.9991E-05 0.380076 0.465675 0.0842186
0.0105075 0.0197822 9.9991E-05 0.649775 0.113967 0.205869
0.0589413 0.0362485 9.9991E-05 0.465607 0.194202 0.244901
0.0693942 0.077218 0.00939074 9.9991E-05 0.106177 0.73772
0.0259963 0.0583911 0.0100776 0.117551 0.0709331 0.71705
0.0212078 0.0022382 9.9982E-05 9.9982E-05 0.890861 0.0854928
0.0247025 0.0163786 9.9982E-05 9.9982E-05 0.956347 0.0023715
0.0191345 0.0176433 0.0828917 9.9991E-05 0.877387 0.00284325
9.9982E-05 0.0116215 9.9982E-05 0.320701 0.626395 0.0410828
0.0160653 0.00876512 9.9991E-05 0.0720264 0.771224 0.131819
9.9982E-05 0.0137445 9.9982E-05 0.295037 0.664827 0.0261923
9.9991E-05 0.0083934 0.0212729 0.0803017 0.835826 0.0541057
0.00238423 9.9973E-05 0.0466599 9.9973E-05 0.950656 9.9973E-05
0.00883347 0.0153771 9.9991E-05 0.147058 0.733676 0.0949549
0.0114683 9.9973E-05 9.9973E-05 9.9973E-05 0.924671 0.0635606
9.9973E-05 0.0100261 0.0524284 9.9973E-05 0.937246 9.9973E-05
0.547689 0.0486873 9.9973E-05 9.9973E-05 9.9973E-05 0.403324
0.708909 0.0341989 9.9982E-05 0.0326668 9.9982E-05 0.224026
0.529988 0.0457788 9.9982E-05 9.9982E-05 0.00928053 0.414753
0.207353 0.075076 9.9982E-05 9.9982E-05 0.00837206 0.708999
0.297421 0.0596432 9.9982E-05 0.0729437 9.9982E-05 0.569792
0.855983 0.0344194 9.9991E-05 0.0340618 0.0752419 0.000194021
0.257553 0.0881913 9.9973E-05 9.9973E-05 9.9973E-05 0.653956
0.244045 0.0270207 0.029828 9.9991E-05 0.00266304 0.696343
0.0656449 0.0394177 0.0563976 0.193332 0.158089 0.487118
0.492317 0.0603428 9.9973E-05 9.9973E-05 9.9973E-05 0.447041
0.00548405 0.0598566 0.0149755 0.057351 0.0332327 0.8291
0.0657511 0.0615511 0.0159776 0.0130596 0.0103876 0.833273
0.148425 0.0392356 0.0104318 0.0387414 9.9991E-05 0.763066
0.146739 0.0796677 0.025136 9.9982E-05 9.9982E-05 0.748257
0.105859 0.0484476 0.00179722 0.0501968 9.9991E-05 0.793599
0.336492 0.0509432 9.9973E-05 9.9973E-05 9.9973E-05 0.612265
0.221082 0.0483762 9.9982E-05 0.0157831 9.9982E-05 0.714559
0.41275 0.0690729 9.9973E-05 9.9973E-05 9.9973E-05 0.517877
0.45324 0.0686556 9.9973E-05 9.9973E-05 9.9973E-05 0.477805
0.205292 0.0551359 9.9991E-05 0.0283644 0.0164772 0.69463
0.487301 0.0462063 9.9973E-05 9.9973E-05 9.9973E-05 0.466193
0.551211 0.08355 9.9973E-05 9.9973E-05 9.9973E-05 0.364939
0.0218843 0.0634733 0.0108267 0.142924 0.0107845 0.750107
0.128981 0.0464494 9.9982E-05 0.000602114 9.9982E-05 0.823767
0.400186 0.0514468 9.9982E-05 9.9982E-05 0.00285176 0.545316
0.174318 0.0554377 9.9991E-05 0.00356172 0.0648745 0.701708
0.170168 0.050746 0.00267808 0.0101967 0.00734111 0.758871
0.0140641 0.0492114 0.0351023 0.063125 0.0328609 0.805636
0.176446 0.053941 9.9982E-05 0.000251161 9.9982E-05 0.769162
0.142758 0.0468847 0.0108101 9.9982E-05 9.9982E-05 0.799347
0.125492 0.0358047 9.9991E-05 0.00583694 0.0392248 0.793541
9.99639E-05 9.99639E-05 0.51214 9.99639E-05 0.48746 9.99639E-05
9.99639E-05 9.99639E-05 0.420192 9.99639E-05 0.579408 9.99639E-05
9.99639E-05 9.99639E-05 0.473208 9.99639E-05 0.526392 9.99639E-05
9.99639E-05 9.99639E-05 0.43984 9.99639E-05 0.55976 9.99639E-05
9.9982E-05 9.9982E-05 0.256457 0.111327 0.621895 0.0101208
9.99639E-05 9.99639E-05 0.325536 9.99639E-05 0.674064 9.99639E-05
9.99639E-05 9.99639E-05 0.0399557 9.99639E-05 0.959644 9.99639E-05
0.290905 0.0730618 9.9973E-05 9.9973E-05 9.9973E-05 0.635733
0.593969 0.0500135 9.9973E-05 9.9973E-05 9.9973E-05 0.355718
0.311363 0.0671549 9.9973E-05 9.9973E-05 9.9973E-05 0.621182
0.183687 0.0715038 9.9973E-05 9.9973E-05 9.9973E-05 0.744509
0.267228 0.0647601 9.9973E-05 9.9973E-05 9.9973E-05 0.667712
0.0555524 0.0659443 0.0052547 0.0253703 0.0330449 0.814833
0.251614 0.0856259 9.9973E-05 9.9973E-05 9.9973E-05 0.66246
0.0463515 0.0604992 0.00368972 0.00851777 0.0653387 0.815603
0.446152 0.0375037 9.9973E-05 9.9973E-05 9.9973E-05 0.516045
0.257609 0.10955 9.9973E-05 9.9973E-05 9.9973E-05 0.632541
9.9982E-05 9.9982E-05 0.581814 0.0335983 0.379678 0.00470948
9.9973E-05 9.9973E-05 0.211534 0.607907 0.180259 9.9973E-05
9.9973E-05 9.9973E-05 0.123583 0.395522 0.480596 9.9973E-05
9.9982E-05 9.9982E-05 0.108678 0.515842 0.3594 0.0158793
9.9982E-05 0.00243844 0.205604 0.664778 0.126979 9.9982E-05
9.99729E-05 9.99729E-05 0.188988 0.781577 0.0291354 9.99729E-05
9.99729E-05 9.99729E-05 0.894545 0.0733009 9.99729E-05 0.0318547
0.358784 0.060392 9.9982E-05 0.0621562 9.9982E-05 0.518468
9.9982E-05 9.9982E-05 0.137175 0.663675 0.172193 0.026757
0.0875212 9.9982E-05 0.101356 0.606778 0.204146 9.9982E-05
9.99729E-05 9.99729E-05 0.414324 0.408771 0.176605 9.99729E-05
9.9964E-05 9.9964E-05 0.2862 0.713401 9.9964E-05 9.9964E-05
9.9982E-05 9.9982E-05 0.19415 0.74353 0.0375497 0.0245706
9.99729E-05 9.99729E-05 0.734986 0.258187 0.00652667 9.99729E-05
9.99639E-05 9.99639E-05 0.758947 0.240653 9.99639E-05 9.99639E-05
9.9973E-05 9.9973E-05 0.170934 0.752427 0.0763386 9.9973E-05
9.9973E-05 9.9973E-05 0.374391 0.390725 0.234584 9.9973E-05
9.99729E-05 9.99729E-05 0.782681 9.99729E-05 0.21613 0.000888944
9.99729E-05 9.99729E-05 0.305771 0.221153 0.472776 9.99729E-05
9.99639E-05 9.99639E-05 0.849165 9.99639E-05 0.150435 9.99639E-05
9.9973E-05 9.9973E-05 0.334871 0.0178088 0.64702 9.9973E-05
9.99639E-05 9.99639E-05 0.656806 9.99639E-05 0.342794 9.99639E-05
9.9973E-05 9.9973E-05 0.0646771 0.33127 0.603753 9.9973E-05
0.0162152 0.00389056 0.0108441 0.300898 0.566117 0.102035
0.322559 9.9964E-05 0.677041 9.9964E-05 9.9964E-05 9.9964E-05
9.99729E-05 9.99729E-05 0.67771 0.306724 0.0152659 9.99729E-05
0.0593814 0.0284141 0.886699 9.9982E-05 9.9982E-05 0.0253055
0.198111 0.027135 0.0525903 0.195116 9.9991E-05 0.526948
0.0230957 9.9973E-05 0.771335 0.205269 9.9973E-05 9.9973E-05
0.125487 0.0387262 0.00904752 0.671304 9.9991E-05 0.155335
0.101012 0.00224607 9.9982E-05 0.826973 9.9982E-05 0.0695686
9.9982E-05 0.00603201 0.0325901 0.352769 0.608409 9.9982E-05
0.0266031 0.00469047 0.262083 0.675412 9.9991E-05 0.0311108
9.9991E-05 0.000756099 0.00853722 0.68968 0.255841 0.0450862
9.99729E-05 9.99729E-05 0.307314 0.59097 0.101416 9.99729E-05
0.237862 0.00320826 0.276055 0.462941 9.9991E-05 0.0198336
0.150422 0.0540367 0.0130443 9.9991E-05 0.00812471 0.774272
0.0301708 0.00741341 0.0743486 0.796411 0.0915563 9.9991E-05
9.9982E-05 0.00665142 0.19428 0.597368 0.201501 9.9982E-05
0.269738 0.0689109 9.9973E-05 9.9973E-05 9.9973E-05 0.661051
0.402611 0.0159134 9.9973E-05 9.9973E-05 9.9973E-05 0.581176
0.143401 0.0482916 0.00997416 9.9991E-05 0.0123758 0.785857
0.044842 0.060385 9.9982E-05 0.0952062 9.9982E-05 0.799367
0.389605 0.0607283 9.9973E-05 9.9973E-05 9.9973E-05 0.549367
0.0347319 0.0463522 0.0029382 0.0674338 0.0716367 0.776907
0.116733 0.038658 9.9991E-05 0.0119936 0.0248504 0.807665
0.256375 0.053453 9.9973E-05 9.9973E-05 9.9973E-05 0.689872
0.191326 0.0619622 9.9973E-05 9.9973E-05 9.9973E-05 0.746412
0.0598649 0.0523278 0.0199587 9.9991E-05 0.0603095 0.807439
0.0466714 0.05051 0.0187188 0.0341745 0.0198317 0.830094
0.0697542 0.0759853 0.00137073 0.0743427 0.000167292 0.77838
0.211165 0.0191407 9.9982E-05 9.9982E-05 0.0202376 0.749257
0.0508051 0.062067 0.0191056 9.9991E-05 0.0365416 0.831381
9.9991E-05 0.049404 0.0302876 0.134077 0.0125201 0.773611
0.99115 0.00844987 9.99639E-05 9.99639E-05 9.99639E-05 9.99639E-05
0.753956 0.0220839 9.9982E-05 0.0370092 9.9982E-05 0.186751
0.883676 0.0319488 9.99729E-05 9.99729E-05 9.99729E-05 0.0840755
0.245739 0.049152 9.9982E-05 9.9982E-05 0.00389444 0.701015
0.52248 0.0411112 9.9973E-05 9.9973E-05 9.9973E-05 0.436109
0.611999 0.0290276 9.9982E-05 9.9982E-05 0.0106423 0.348131
0.423908 0.05653 9.9973E-05 9.9973E-05 9.9973E-05 0.519262
0.143845 0.059945 9.9991E-05 0.0382979 0.0125535 0.745259
9.9982E-05 0.065513 0.019036 9.9982E-05 0.1183 0.796951
0.0271479 0.0458549 0.0484076 0.118231 0.140747 0.619612
9.9991E-05 0.0574316 0.0728216 0.0319885 0.120869 0.716789
0.990753 9.99639E-05 9.99639E-05 9.99639E-05 0.00884676 9.99639E-05
9.9991E-05 0.0497825 0.0352304 0.0413213 0.113345 0.760221
0.0472262 0.0302355 9.9991E-05 0.472118 0.164346 0.285975
0.0107052 9.9991E-05 0.0398352 0.693276 0.131201 0.124883
0.00793565 0.00322225 9.9991E-05 0.631914 0.197186 0.159642
0.0233084 0.0493885 0.0363485 0.222571 0.0738127 0.594571
0.00944525 0.0532909 0.0195152 0.0519304 9.9991E-05 0.865718
9.9982E-05 0.0480627 0.00136042 9.9982E-05 0.100542 0.849835
0.0124224 0.0585019 0.0120884 0.0218444 0.05556 0.839583
9.9991E-05 0.0679337 0.0160159 0.0792834 0.0127004 0.823966
0.0302187 0.0504284 0.00202584 0.0617462 9.9991E-05 0.855481
9.9982E-05 0.00325581 9.9982E-05 0.575528 0.385072 0.0359443
9.99729E-05 9.99729E-05 0.228898 0.603797 0.167005 9.99729E-05
9.99729E-05 9.99729E-05 0.244816 0.416938 0.337946 9.99729E-05
9.9982E-05 9.9982E-05 0.0379406 0.575474 0.381427 0.0049588
9.9991E-05 0.00785157 0.0467943 0.473218 0.447535 0.024501
9.9973E-05 9.9973E-05 0.138482 0.62208 0.239138 9.9973E-05
9.9991E-05 0.00543509 0.0190116 0.669507 0.299126 0.00681994
9.9973E-05 9.9973E-05 0.187965 0.442182 0.369553 9.9973E-05
9.99729E-05 9.99729E-05 0.461571 0.400721 0.137408 9.99729E-05
9.9973E-05 9.9973E-05 0.103546 0.502764 0.39339 9.9973E-05
9.9964E-05 9.9964E-05 9.9964E-05 0.602179 0.397422 9.9964E-05
0.0123639 9.9991E-05 0.00750059 0.544273 0.429736 0.00602631
0.122439 0.0460358 9.9991E-05 0.0249042 0.0264065 0.780115
0.34329 0.0669351 9.9973E-05 9.9973E-05 9.9973E-05 0.589475
0.0530652 0.0451408 0.019975 9.9991E-05 0.0505636 0.831155
9.996E-05 0.9995 9.996E-05 9.996E-05 9.996E-05 9.996E-05
0.104635 0.0959322 0.0203662 0.00738089 9.9991E-05 0.771586
9.99819E-05 0.578963 9.99819E-05 0.0750106 0.0649155 0.280911
0.594662 0.0752472 9.9982E-05 0.107459 9.9982E-05 0.222432
0.424357 0.104724 9.9973E-05 9.9973E-05 9.9973E-05 0.47062
9.996E-05 0.9995 9.996E-05 9.996E-05 9.996E-05 9.996E-05
0.382213 0.138706 0.0801293 9.9982E-05 9.9982E-05 0.398752
0.111905 0.0850356 0.00999109 0.00903254 9.9991E-05 0.783936
0.172862 0.139572 9.9982E-05 0.0041359 9.9982E-05 0.68323
