0.35886 0.0676271 0.457057 0.00597975 0.110476
0.0914049 0.0604453 0.790532 0.055013 0.00260442
0.0855042 0.182767 0.610204 0.0348041 0.0867203
9.999E-05 0.00966004 0.692301 0.0434071 0.254532
0.180798 0.0977681 0.590607 0.0523604 0.0784661
0.164598 0.00641094 0.738345 0.00699092 0.0836553
0.173667 9.9991E-05 0.775383 0.0156717 0.0351785
0.249433 0.65269 0.0955734 0.00220405 9.9991E-05
0.334841 0.451179 0.1936 9.9991E-05 0.0202798
0.0657179 0.730838 9.9982E-05 0.203244 9.9982E-05
0.277886 0.654681 0.0532318 0.0141007 9.9991E-05
0.171179 0.681197 0.0484768 0.0712246 0.0279229
0.259175 0.646567 0.0940576 9.9982E-05 9.9982E-05
0.143038 0.746403 9.9982E-05 0.110359 9.9982E-05
0.45592 0.515058 0.00691156 0.0206337 0.00147637
0.589257 0.304808 0.0906652 9.9991E-05 0.0151698
0.35365 0.428161 9.9982E-05 0.217989 9.9982E-05
0.407981 0.408757 0.134767 0.0483952 9.9991E-05
0.417947 0.436291 9.9982E-05 0.145561 9.9982E-05
0.548349 0.23265 0.184454 9.9991E-05 0.0344473
0.63663 0.290474 0.0260294 0.0467664 9.9991E-05
0.650572 0.276629 0.0330741 9.9991E-05 0.0396254
0.540988 0.375007 0.026106 0.0577984 9.9991E-05
0.842435 0.101416 0.0293919 0.0118393 0.0149182
0.91723 0.0554669 9.9991E-05 0.0201689 0.00703471
0.868841 0.120914 9.9982E-05 9.9982E-05 0.010045
0.462568 0.40421 0.0810464 0.0520758 9.9991E-05
0.49732 0.314273 9.9982E-05 0.188207 9.9982E-05
0.470723 0.308369 0.181441 9.9991E-05 0.0393668
0.100713 0.00985976 0.827807 0.00908918 0.0525307
9.9991E-05 0.0808117 0.815998 0.000796175 0.102294
0.0620461 0.079272 0.750595 0.0528315 0.0552553
0.605146 0.107428 0.203462 9.9991E-05 0.0838639
0.124549 0.0924853 0.688211 0.0263845 0.0683694
0.832854 9.9991E-05 0.0567921 0.109643 0.000611103
0.5911 0.186437 0.163925 9.9991E-05 0.0584381
9.99731E-05 9.99731E-05 9.99731E-05 0.453623 0.546077
0.644863 0.292915 0.0242484 0.00204806 0.0359248
0.4379 0.416304 0.0956358 9.9991E-05 0.0500599
0.681633 0.0970216 0.179662 9.9991E-05 0.0415842
0.483035 0.186446 0.226927 9.9991E-05 0.103493
0.00715982 0.0829488 0.77488 0.0172828 0.117729
0.151909 0.0356544 0.747229 0.0135148 0.0516923
9.9982E-05 0.887062 0.0990573 9.9982E-05 0.0136802
0.0010443 0.955944 0.0125864 9.9991E-05 0.0303251
9.9982E-05 0.898543 9.9982E-05 0.0592358 0.0420212
0.340438 0.607865 0.0280091 9.9991E-05 0.0235874
0.052025 0.788971 0.130252 9.9991E-05 0.0286517
0.313636 0.640149 0.0351101 9.9991E-05 0.011005
0.082301 0.852442 0.0456266 0.0116651 0.00796537
9.9991E-05 0.944626 0.00984161 0.0440972 0.00133567
0.15037 0.726699 0.113847 9.9991E-05 0.00898334
9.9973E-05 0.918482 0.0812183 9.9973E-05 9.9973E-05
9.9982E-05 0.949603 9.9982E-05 0.036813 0.0133843
9.9973E-05 9.9973E-05 0.459085 9.9973E-05 0.540616
0.0382484 9.9982E-05 0.261323 9.9982E-05 0.700228
9.9982E-05 0.00854036 0.464644 9.9982E-05 0.526616
9.9982E-05 0.00798271 0.723794 9.9982E-05 0.268023
0.0657504 9.9982E-05 0.61683 9.9982E-05 0.317219
0.0302958 0.0765032 0.0495685 9.9991E-05 0.843532
9.9973E-05 9.9973E-05 0.690074 9.9973E-05 0.309626
9.9982E-05 9.9982E-05 0.739429 0.0329383 0.227432
0.227975 0.101485 0.499023 0.0772153 0.094302
9.9973E-05 9.9973E-05 0.488193 9.9973E-05 0.511507
0.108061 0.00220735 0.821818 0.00968741 0.058226
9.9991E-05 0.00981712 0.846236 0.0270907 0.116756
0.0192577 9.9991E-05 0.80674 0.0242112 0.149691
0.00216239 9.9991E-05 0.782839 0.0187229 0.196175
0.0510581 9.9991E-05 0.803003 0.000882556 0.144957
9.9973E-05 9.9973E-05 0.645917 9.9973E-05 0.353783
0.0230624 9.9982E-05 0.736678 9.9982E-05 0.24006
9.9973E-05 9.9973E-05 0.556551 9.9973E-05 0.443149
9.9973E-05 9.9973E-05 0.506138 9.9973E-05 0.493562
9.9982E-05 0.0507651 0.703276 9.9982E-05 0.245759
9.9973E-05 9.9973E-05 0.502683 9.9973E-05 0.497017
9.9973E-05 9.9973E-05 0.402822 9.9973E-05 0.596878
0.115721 0.0439606 0.761438 0.0164611 0.0624199
0.00654729 9.9982E-05 0.828892 9.9982E-05 0.164361
9.9982E-05 0.00416491 0.573607 9.9982E-05 0.422028
9.9982E-05 0.0655212 0.757067 9.9982E-05 0.177212
9.9982E-05 9.9982E-05 0.800719 0.0206919 0.17839
0.0875155 0.0467541 0.76624 0.0181372 0.081353
0.0105915 9.9982E-05 0.772683 9.9982E-05 0.216525
9.9982E-05 9.9982E-05 0.817939 0.0116737 0.170187
0.0270234 0.0154722 0.80953 0.0119328 0.136041
9.99729E-05 0.503521 9.99729E-05 0.496179 9.99729E-05
9.99729E-05 0.588197 9.99729E-05 0.411503 9.99729E-05
9.99729E-05 0.54409 9.99729E-05 0.45561 9.99729E-05
9.99729E-05 0.578548 9.99729E-05 0.421152 9.99729E-05
0.102263 0.6295 0.0159769 0.25216 9.9991E-05
9.99729E-05 0.691244 9.99729E-05 0.308456 9.99729E-05
9.99729E-05 0.973179 9.99729E-05 0.026521 9.99729E-05
9.9973E-05 9.9973E-05 0.667077 9.9973E-05 0.332623
9.9973E-05 9.9973E-05 0.384206 9.9973E-05 0.615494
9.9973E-05 9.9973E-05 0.645785 9.9973E-05 0.353915
0.00077287 9.9982E-05 0.75802 9.9982E-05 0.241007
9.9973E-05 9.9973E-05 0.715507 9.9973E-05 0.284193
9.9991E-05 0.0380854 0.83769 0.0243791 0.099746
9.9973E-05 9.9973E-05 0.691837 9.9973E-05 0.307864
9.9991E-05 0.0616977 0.835352 0.00959021 0.0932605
9.9973E-05 9.9973E-05 0.556338 9.9973E-05 0.443362
9.9973E-05 9.9973E-05 0.653077 9.9973E-05 0.346623
0.0469017 0.396903 9.9982E-05 0.555996 9.9982E-05
0.621876 0.154332 9.9982E-05 0.223592 9.9982E-05
0.449688 0.432579 9.9982E-05 0.117533 9.9982E-05
0.506322 0.362728 0.0216746 0.109175 9.9991E-05
0.700624 0.0776256 9.9982E-05 0.22155 9.9982E-05
0.779367 0.00892133 9.9982E-05 0.211512 9.9982E-05
0.1124 9.9982E-05 0.0146831 0.872717 9.9982E-05
0.0259831 9.9991E-05 0.591796 0.0290231 0.353098
0.713329 0.122649 0.0189885 0.144933 9.9991E-05
0.59103 0.204966 0.0150792 0.116196 0.0727279
0.422938 0.164554 9.9982E-05 0.412307 9.9982E-05
0.687915 9.9973E-05 9.9973E-05 0.311785 9.9973E-05
0.761049 9.9982E-05 0.0253 0.213451 9.9982E-05
0.265151 9.99729E-05 9.99729E-05 0.734549 9.99729E-05
0.236186 9.99729E-05 9.99729E-05 0.763514 9.99729E-05
0.795613 0.0309606 9.9982E-05 0.173227 9.9982E-05
0.417183 0.21027 9.9982E-05 0.372347 9.9982E-05
9.99729E-05 0.247988 9.99729E-05 0.751712 9.99729E-05
0.190347 0.499368 9.99819E-05 0.310085 9.99819E-05
9.99729E-05 0.166063 9.99729E-05 0.833637 9.99729E-05
0.0585686 0.621465 9.9982E-05 0.319766 9.9982E-05
9.99729E-05 0.360294 9.99729E-05 0.639406 9.99729E-05
0.334608 0.603623 9.9982E-05 0.0615695 9.9982E-05
0.313202 0.545449 0.107175 0.0192507 0.0149238
9.9973E-05 9.9973E-05 9.9973E-05 0.696105 0.303595
0.316121 0.0180348 9.9982E-05 0.665645 9.9982E-05
9.9982E-05 9.9982E-05 0.0402713 0.888065 0.0714634
0.0874238 9.9991E-05 0.647581 0.122949 0.141945
0.200665 9.9982E-05 9.9982E-05 0.780823 0.0183116
0.559212 9.9991E-05 0.269912 0.0774296 0.0933464
0.775107 9.9991E-05 0.0933178 0.0294489 0.102026
0.375639 0.576181 0.00879374 0.0392859 9.9991E-05
0.657566 9.9991E-05 0.0408811 0.273236 0.0282171
0.675031 0.252579 0.0549736 0.0132453 0.00417078
0.576529 0.105005 9.9982E-05 0.318267 9.9982E-05
0.323856 9.9991E-05 0.151184 0.368169 0.156691
9.9991E-05 0.00715641 0.799207 0.0163003 0.177237
0.773419 0.0687405 0.0241796 0.111915 0.0217455
0.601253 0.170499 0.00783099 0.220317 9.9991E-05
9.9973E-05 9.9973E-05 0.698491 9.9973E-05 0.301209
9.9973E-05 9.9973E-05 0.617799 9.9973E-05 0.381901
9.9982E-05 9.9982E-05 0.840727 0.0155824 0.143491
0.0953275 9.9991E-05 0.813921 0.0041682 0.0864831
9.9973E-05 9.9973E-05 0.574019 9.9973E-05 0.425681
0.0813518 0.057267 0.78963 0.00991951 0.0618319
9.9991E-05 0.0381604 0.818756 0.00666361 0.13632
9.9973E-05 9.9973E-05 0.700191 9.9973E-05 0.299509
9.9973E-05 9.9973E-05 0.766612 9.9973E-05 0.233088
9.9991E-05 0.0758227 0.813311 0.0101068 0.10066
0.0281684 0.0285013 0.866713 0.0208686 0.0557482
0.0761824 0.00748662 0.785081 9.9991E-05 0.13115
9.9982E-05 0.0191922 0.791024 9.9982E-05 0.189584
9.9991E-05 0.046787 0.852162 0.00780483 0.0931465
0.163176 9.9991E-05 0.778447 0.0257896 0.0324873
9.9982E-05 0.00808359 0.0256587 9.9982E-05 0.966058
0.0287361 9.9991E-05 0.251953 0.00442207 0.714788
9.9973E-05 9.9973E-05 0.132791 9.9973E-05 0.866909
9.9982E-05 9.9982E-05 0.723979 0.00858228 0.267239
9.9973E-05 9.9973E-05 0.474595 9.9973E-05 0.525105
9.9982E-05 0.00854626 0.398387 9.9982E-05 0.592866
9.9982E-05 9.9982E-05 0.551531 0.00100279 0.447266
0.0567508 9.9982E-05 0.774344 9.9982E-05 0.168705
9.9991E-05 0.0991138 0.836242 0.0395399 0.0250045
0.10612 0.142566 0.648348 0.0698413 0.0331254
0.104855 0.105595 0.702175 0.0362144 0.0511608
9.9982E-05 0.00671945 0.0628682 9.9982E-05 0.930212
0.0449885 0.0993335 0.815521 0.040057 9.9991E-05
0.430252 0.198334 0.283661 9.9991E-05 0.0876522
0.610865 0.142874 0.167089 0.0790717 9.9991E-05
0.714406 0.130756 0.138949 9.9991E-05 0.015789
0.145697 0.138974 0.624776 0.0254384 0.0651142
0.0648941 9.9991E-05 0.862149 0.0181311 0.0547257
0.0149436 0.0747578 0.867506 0.0205286 0.0222642
0.0208295 0.0579437 0.84059 0.0153396 0.0652971
0.101367 0.0142549 0.834388 0.00202809 0.0479623
0.0332276 0.0281732 0.860824 0.00325834 0.0745167
0.663868 0.307676 0.0181981 9.9991E-05 0.0101579
0.636539 0.122397 9.9982E-05 0.240864 9.9982E-05
0.484899 0.278513 9.9982E-05 0.236389 9.9982E-05
0.61018 0.349012 0.00422388 0.0364841 9.9991E-05
0.492726 0.418437 0.0328054 0.055931 9.9991E-05
0.649487 0.208373 9.9982E-05 0.141939 9.9982E-05
0.746036 0.225334 9.9991E-05 0.0240561 0.00447421
0.484324 0.316975 9.9982E-05 0.198501 9.9982E-05
0.461634 0.0914347 9.9982E-05 0.446731 9.9982E-05
0.529537 0.354671 9.9982E-05 0.115592 9.9982E-05
0.658402 0.341298 9.9973E-05 9.9973E-05 9.9973E-05
0.590063 0.382251 0.00425854 0.00732663 0.0161011
0.0664634 9.9982E-05 0.776421 9.9982E-05 0.156916
0.0020287 9.9982E-05 0.620779 9.9982E-05 0.376993
9.9991E-05 0.0673459 0.841297 0.01034 0.0809168
0.027623 9.99819E-05 0.186143 9.99819E-05 0.786034
0.00163132 9.9991E-05 0.816781 0.0251418 0.156346
0.103739 0.0312367 0.531946 9.9991E-05 0.332978
0.0985824 9.9991E-05 0.266377 0.00791796 0.627023
9.9973E-05 9.9973E-05 0.514008 9.9973E-05 0.485692
9.997E-05 9.997E-05 9.997E-05 9.997E-05 0.9996
0.0287967 9.9991E-05 0.4033 0.0657773 0.502026
0.0103373 9.9991E-05 0.800098 0.0169623 0.172503
0.00700875 9.9982E-05 0.70478 9.9982E-05 0.288011
