0.0127573 0.106435 0.0111848 0.0429478 0.0458037 0.058347 0.495726 0.226798
9.9973E-05 0.0418988 9.9973E-05 9.9973E-05 0.0806262 0.59206 0.126199 0.158916
9.99639E-05 0.0337479 9.99639E-05 9.99639E-05 0.846812 0.0178727 0.101168 9.99639E-05
0.177948 0.000972315 0.0244812 0.0356532 9.9991E-05 0.307756 0.432217 0.0208717
9.9973E-05 0.153866 9.9973E-05 0.0279979 0.066957 0.637866 9.9973E-05 0.113013
9.9982E-05 0.0177824 0.00723092 9.9982E-05 0.0474745 0.619556 0.153614 0.154142
9.9973E-05 9.9973E-05 0.00420376 0.0102204 9.9973E-05 0.428698 0.374835 0.181743
9.9982E-05 0.591774 0.00285836 9.9982E-05 0.0021724 0.0700559 0.0226107 0.310328
0.0050913 0.409229 9.9973E-05 9.9973E-05 9.9973E-05 0.111068 0.1043 0.370011
9.9955E-05 0.680949 9.9955E-05 0.191636 9.9955E-05 9.9955E-05 9.9955E-05 0.126916
9.9973E-05 0.64553 9.9973E-05 0.000910088 0.0282168 9.9973E-05 0.0356684 0.289374
0.0108281 0.596337 0.0079692 0.0693075 0.00395342 0.0368496 0.0237322 0.251023
9.9964E-05 0.580189 9.9964E-05 9.9964E-05 9.9964E-05 0.0430893 0.0552842 0.321038
9.9955E-05 0.652806 9.9955E-05 0.0908833 9.9955E-05 9.9955E-05 9.9955E-05 0.255811
0.0129024 0.451588 9.9973E-05 0.00913186 0.0104759 9.9973E-05 9.9973E-05 0.515602
0.00761172 0.230371 0.00666234 9.9982E-05 9.9982E-05 0.0416823 0.0614772 0.651996
9.99549E-05 0.368381 9.99549E-05 0.22404 9.99549E-05 9.99549E-05 9.99549E-05 0.407079
9.9973E-05 0.428415 9.9973E-05 0.0440783 9.9973E-05 0.0626178 0.0969151 0.367674
9.99549E-05 0.369504 9.99549E-05 0.131979 9.99549E-05 9.99549E-05 9.99549E-05 0.498018
0.0258697 0.203358 0.00248927 9.9982E-05 0.0500147 9.9982E-05 0.17164 0.546428
0.0115648 0.241217 9.9973E-05 0.0351634 9.9973E-05 9.9973E-05 0.0179685 0.693787
0.0396591 0.23694 0.00426146 9.9973E-05 9.9973E-05 9.9973E-05 0.0458857 0.672954
9.9973E-05 0.335398 9.9973E-05 0.0557829 0.0013422 0.0348017 9.9973E-05 0.572376
9.9973E-05 0.0669221 0.007978 0.0214965 9.9973E-05 0.0675725 9.9973E-05 0.835731
0.0249502 0.00635791 9.9964E-05 0.00598327 9.9964E-05 9.9964E-05 9.9964E-05 0.962309
0.00688334 0.0748486 0.00236719 9.9982E-05 0.00302623 9.9982E-05 0.0162471 0.896428
0.0132853 0.342527 0.00692349 0.029957 9.9982E-05 9.9982E-05 0.0488546 0.558253
9.99549E-05 0.244887 9.99549E-05 0.180658 9.99549E-05 9.99549E-05 9.99549E-05 0.573956
0.0265724 0.236909 9.9982E-05 9.9982E-05 0.0483832 0.0565001 0.0977967 0.533639
9.9982E-05 0.0583313 0.0040584 9.9982E-05 0.00372949 0.508217 0.367556 0.0579083
9.9982E-05 0.0666559 0.00721284 0.0182348 0.00706079 0.368618 0.532017 9.9982E-05
9.999E-05 0.0613326 0.0111883 0.00182383 0.00792076 0.737666 0.0409342 0.139034
0.0298694 0.100268 0.0301151 9.9982E-05 9.9982E-05 0.0637369 0.182722 0.593088
9.999E-05 0.0399744 0.00978757 0.00918807 0.0339194 0.381604 0.322996 0.202432
9.9955E-05 9.9955E-05 9.9955E-05 0.116808 9.9955E-05 9.9955E-05 0.0890445 0.793647
0.0477695 0.203129 9.9982E-05 9.9982E-05 0.0097736 0.0836631 0.10955 0.545914
0.568337 9.99461E-05 9.99461E-05 0.431063 9.99461E-05 9.99461E-05 9.99461E-05 9.99461E-05
0.0305113 0.280671 0.0163796 9.9991E-05 0.00838164 0.0259608 0.00613233 0.631864
0.0392569 0.327795 9.9973E-05 9.9973E-05 9.9973E-05 0.0562749 0.0479117 0.528461
0.0372018 0.0724893 9.9982E-05 9.9982E-05 0.0188723 0.171898 0.0173518 0.681987
0.0464235 0.223259 0.0134424 9.9991E-05 0.00419433 0.135213 0.15316 0.424207
9.9973E-05 0.092213 0.0169115 0.0158156 9.9973E-05 0.678854 0.195906 9.9973E-05
9.9982E-05 0.0518756 0.00449588 9.9982E-05 0.00498997 0.579699 0.219351 0.139388
9.9964E-05 0.877977 0.00694314 9.9964E-05 9.9964E-05 0.0547987 0.059881 9.9964E-05
0.0174893 0.947678 0.00602592 9.9973E-05 9.9973E-05 0.0279487 0.000558059 9.9973E-05
0.0162077 0.871278 0.0093128 0.0727398 0.00105292 0.0292087 9.9982E-05 9.9982E-05
9.9973E-05 0.563053 0.0141536 9.9973E-05 0.0309691 0.0332686 9.9973E-05 0.358256
9.9982E-05 0.773769 0.000661325 9.9982E-05 0.0134669 0.0493189 0.109915 0.0526687
9.9973E-05 0.597447 0.0108498 9.9973E-05 0.04468 0.0108643 9.9973E-05 0.335859
9.9973E-05 0.812142 9.9973E-05 0.00778471 0.0161862 9.9973E-05 0.0578258 0.105762
0.012677 0.959512 9.9955E-05 0.0273112 9.9955E-05 9.9955E-05 9.9955E-05 9.9955E-05
9.9982E-05 0.693577 0.0148515 9.9982E-05 0.0133924 0.0386451 0.0666726 0.172661
0.0150174 0.914134 9.9973E-05 9.9973E-05 0.00299416 0.0244729 0.043082 9.9973E-05
9.9973E-05 0.926576 0.000686169 0.0483803 0.000196474 9.9973E-05 0.0238613 9.9973E-05
0.455251 9.99639E-05 0.0201329 9.99639E-05 9.99639E-05 0.463447 0.0607694 9.99639E-05
0.617915 9.99639E-05 0.0144946 9.99639E-05 0.0604009 0.30679 9.99639E-05 9.99639E-05
0.436298 9.9973E-05 0.0154315 9.9973E-05 0.0131828 0.3135 0.221287 9.9973E-05
0.132198 9.9973E-05 0.0186453 9.9973E-05 0.0395832 0.795578 0.0136956 9.9973E-05
0.166199 9.9973E-05 0.0292426 9.9973E-05 0.189142 0.507739 0.107378 9.9973E-05
0.799233 0.0361754 0.0365062 9.9982E-05 0.000140946 9.9982E-05 0.0509181 0.0768261
0.195712 9.9973E-05 0.032527 9.9973E-05 0.010761 0.476616 0.284084 9.9973E-05
0.186016 0.0250099 9.9973E-05 9.9973E-05 0.0623602 0.48727 0.239045 9.9973E-05
0.0399428 0.167279 0.0139778 0.054614 0.0454232 0.135773 0.377187 0.165804
0.379294 9.9955E-05 0.0327525 9.9955E-05 9.9955E-05 0.587454 9.9955E-05 9.9955E-05
9.9982E-05 0.0190177 0.00326739 9.9982E-05 0.0198798 0.397686 0.458534 0.101415
0.0220877 0.026341 0.0103531 0.0179028 0.0126966 0.155334 0.755185 9.9991E-05
0.083933 9.9973E-05 9.9973E-05 9.9973E-05 0.0484357 0.569704 0.257478 0.040149
0.0795592 9.9982E-05 0.0208553 0.0098199 9.9982E-05 0.520994 0.353735 0.0148366
0.0506291 9.9973E-05 0.00195909 9.9973E-05 9.9973E-05 0.702747 0.17813 0.0662347
0.252276 9.9964E-05 0.0242244 9.9964E-05 9.9964E-05 0.0696217 0.653478 9.9964E-05
0.178192 9.9964E-05 0.0122483 9.9964E-05 9.9964E-05 9.9964E-05 0.776401 0.0327587
0.321784 9.9955E-05 0.0581928 9.9955E-05 9.9955E-05 9.9955E-05 0.619523 9.9955E-05
0.410865 9.99639E-05 0.0354068 9.99639E-05 9.99639E-05 0.0135064 0.539822 9.99639E-05
0.113299 0.0434237 9.9964E-05 9.9964E-05 9.9964E-05 0.720862 0.122016 9.9964E-05
0.424764 9.9964E-05 0.0177244 9.9964E-05 9.9964E-05 0.148678 0.408434 9.9964E-05
0.493322 9.99549E-05 0.0581168 9.99549E-05 9.99549E-05 9.99549E-05 0.448062 9.99549E-05
9.9982E-05 0.00866273 0.0110258 9.9982E-05 0.049193 0.268747 0.505018 0.157154
0.0669949 9.9973E-05 0.00616383 9.9973E-05 0.079168 0.524116 0.323257 9.9973E-05
0.354948 0.00284082 0.0284674 9.9973E-05 0.0342047 9.9973E-05 0.579239 9.9973E-05
0.106302 0.0625309 0.00326729 9.9973E-05 9.9973E-05 0.547566 0.280034 9.9973E-05
0.0833059 9.9973E-05 0.00576695 9.9973E-05 0.09057 0.505742 0.314315 9.9973E-05
9.9973E-05 0.0242592 0.00189125 9.9973E-05 9.9973E-05 0.772495 0.0710757 0.129979
0.0786618 9.9946E-05 9.9946E-05 9.9946E-05 9.9946E-05 0.920738 9.9946E-05 9.9946E-05
0.0430277 9.9955E-05 9.9955E-05 0.0090607 9.9955E-05 0.947412 9.9955E-05 9.9955E-05
0.0731713 0.00852197 9.9982E-05 9.9982E-05 0.0893569 0.179336 0.626694 0.0227207
9.99459E-05 0.514217 9.99459E-05 0.485184 9.99459E-05 9.99459E-05 9.99459E-05 9.99459E-05
9.99459E-05 0.600133 9.99459E-05 0.399267 9.99459E-05 9.99459E-05 9.99459E-05 9.99459E-05
9.99458E-05 0.541646 9.99458E-05 0.457754 9.99458E-05 9.99458E-05 9.99458E-05 9.99458E-05
9.99458E-05 0.591334 9.99458E-05 0.408066 9.99458E-05 9.99458E-05 9.99458E-05 9.99458E-05
9.9973E-05 0.572047 9.9973E-05 0.232512 0.00626657 9.9973E-05 0.00626473 0.18261
9.99459E-05 0.687323 9.99459E-05 0.312077 9.99459E-05 9.99459E-05 9.99459E-05 9.99459E-05
9.99459E-05 0.974564 9.99459E-05 0.0248366 9.99459E-05 9.99459E-05 9.99459E-05 9.99459E-05
0.21544 9.9973E-05 0.0230826 9.9973E-05 0.00386226 0.678944 0.0783706 9.9973E-05
0.545853 9.99549E-05 0.0241913 9.99549E-05 9.99549E-05 9.99549E-05 0.429456 9.99549E-05
0.208541 9.9964E-05 0.033205 9.9964E-05 9.9964E-05 0.667804 0.0900498 9.9964E-05
0.11618 9.9973E-05 0.0309945 0.00181504 9.9973E-05 0.0794211 0.771289 9.9973E-05
0.182225 9.9964E-05 0.0254799 9.9964E-05 9.9964E-05 0.164871 0.627024 9.9964E-05
0.0132033 0.0358584 0.00945423 0.0290622 0.00798445 0.045727 0.85861 9.9991E-05
0.184166 9.9964E-05 0.0515116 9.9964E-05 9.9964E-05 0.0458488 0.718073 9.9964E-05
9.9982E-05 0.0289834 0.00343168 9.9982E-05 0.0392231 0.521981 0.358133 0.0480488
0.370853 9.9964E-05 0.0126632 9.9964E-05 9.9964E-05 0.0653028 0.550781 9.9964E-05
0.211807 9.9964E-05 0.0587274 9.9964E-05 9.9964E-05 0.0565664 0.672499 9.9964E-05
9.99549E-05 0.365243 9.99549E-05 0.545599 9.99549E-05 9.99549E-05 9.99549E-05 0.0886581
9.99549E-05 0.0809819 9.99549E-05 0.215807 9.99549E-05 9.99549E-05 9.99549E-05 0.702712
9.9955E-05 0.3792 9.9955E-05 0.115232 9.9955E-05 9.9955E-05 9.9955E-05 0.505069
9.9964E-05 0.293671 9.9964E-05 0.107056 0.0520764 9.9964E-05 9.9964E-05 0.546796
9.9973E-05 0.0488004 0.00359964 0.204643 0.0160347 9.9973E-05 9.9973E-05 0.726622
9.99459E-05 9.99459E-05 9.99459E-05 0.194806 9.99459E-05 9.99459E-05 9.99459E-05 0.804595
9.99549E-05 9.99549E-05 9.99549E-05 0.867669 9.99549E-05 9.99549E-05 0.0108532 0.120978
0.245364 9.9982E-05 0.0349023 0.0094153 9.9982E-05 0.445126 0.226408 0.0385842
9.9973E-05 0.0758084 0.00587312 0.149013 9.9973E-05 9.9973E-05 0.0267023 0.742304
0.0797651 0.170059 9.9973E-05 0.110282 0.0433313 9.9973E-05 9.9973E-05 0.596263
9.99549E-05 0.0982871 9.99549E-05 0.406803 9.99549E-05 9.99549E-05 9.99549E-05 0.49441
9.9946E-05 9.9946E-05 9.9946E-05 0.322279 9.9946E-05 9.9946E-05 9.9946E-05 0.677121
9.9964E-05 9.9964E-05 9.9964E-05 0.215651 0.0763516 0.00446114 9.9964E-05 0.703136
9.99459E-05 9.99459E-05 9.99459E-05 0.741137 9.99459E-05 9.99459E-05 9.99459E-05 0.258263
9.99549E-05 9.99549E-05 9.99549E-05 0.76532 0.0067246 9.99549E-05 9.99549E-05 0.227456
9.9946E-05 9.9946E-05 9.9946E-05 0.169504 9.9946E-05 9.9946E-05 9.9946E-05 0.829897
9.9955E-05 0.140595 9.9955E-05 0.377011 9.9955E-05 9.9955E-05 9.9955E-05 0.481894
9.99459E-05 0.242916 9.99459E-05 0.756485 9.99459E-05 9.99459E-05 9.99459E-05 9.99459E-05
9.99549E-05 0.437325 9.99549E-05 0.288551 9.99549E-05 9.99549E-05 9.99549E-05 0.273624
9.99549E-05 0.154915 9.99549E-05 0.827646 9.99549E-05 9.99549E-05 9.99549E-05 0.0169384
9.99549E-05 0.614895 9.99549E-05 0.310286 9.99549E-05 9.99549E-05 9.99549E-05 0.0743186
9.99458E-05 0.368673 9.99458E-05 0.630728 9.99458E-05 9.99458E-05 9.99458E-05 9.99458E-05
9.9964E-05 0.541749 9.9964E-05 0.0609145 9.9964E-05 0.00159059 9.9964E-05 0.395347
9.9991E-05 0.478447 0.00764451 0.0129289 0.0154825 0.0315999 0.0748784 0.378919
0.320563 9.9946E-05 9.9946E-05 0.678837 9.9946E-05 9.9946E-05 9.9946E-05 9.9946E-05
9.99501E-05 9.99501E-05 9.99501E-05 0.672704 9.99501E-05 9.99501E-05 9.99501E-05 0.326696
0.0510847 9.99639E-05 0.0194222 0.88896 9.99639E-05 9.99639E-05 0.0401329 9.99639E-05
9.994E-05 9.994E-05 9.994E-05 9.994E-05 0.9993 9.994E-05 9.994E-05 9.994E-05
0.00846785 9.9964E-05 9.9964E-05 0.79996 9.9964E-05 9.9964E-05 0.0224336 0.168738
9.99639E-05 0.0767806 9.99639E-05 0.0164542 0.736545 9.99639E-05 9.99639E-05 0.16982
0.0782111 9.9973E-05 9.9973E-05 0.0177626 0.0947474 0.0774988 9.9973E-05 0.73148
9.9982E-05 0.522013 0.00756018 0.0200295 0.00780151 0.00539867 9.9982E-05 0.436997
0.0136459 9.9991E-05 0.00756254 0.281418 0.0457223 0.0112056 0.0356711 0.604675
0.0139159 0.205208 0.00340041 0.0173888 9.9982E-05 0.0479937 9.9982E-05 0.711893
9.99549E-05 0.0602507 9.99549E-05 0.316374 9.99549E-05 9.99549E-05 9.99549E-05 0.622875
9.99549E-05 9.99549E-05 9.99549E-05 0.347319 0.57572 9.99549E-05 9.99549E-05 0.076461
0.0990042 0.0251475 0.00305849 9.9982E-05 0.000891431 0.747521 0.124177 9.9982E-05
0.0118787 0.0233546 0.0135048 0.107964 0.02556 9.9991E-05 0.0151873 0.802451
9.9964E-05 0.122615 9.9964E-05 0.205861 0.043803 9.9964E-05 9.9964E-05 0.627321
0.21255 9.9955E-05 0.0239893 9.9955E-05 9.9955E-05 9.9955E-05 0.762961 9.9955E-05
0.321675 9.99459E-05 9.99459E-05 9.99459E-05 9.99459E-05 9.99459E-05 0.677725 9.99459E-05
0.0788569 0.0134961 0.00155061 0.0104724 9.9982E-05 0.208204 0.68722 9.9982E-05
0.0189066 9.9964E-05 9.9964E-05 9.9964E-05 9.9964E-05 0.195453 0.684148 0.101093
0.349839 9.99549E-05 0.0236672 9.99549E-05 9.99549E-05 9.99549E-05 0.625994 9.99549E-05
9.9973E-05 0.0112866 9.9973E-05 0.0239454 0.0324343 9.9973E-05 0.83297 0.0990639
0.0736389 9.9973E-05 9.9973E-05 9.9973E-05 0.0206463 0.16654 0.68552 0.0533546
0.20518 9.9955E-05 0.0224045 9.9955E-05 9.9955E-05 9.9955E-05 0.771916 9.9955E-05
0.126704 9.9955E-05 0.0202238 9.9955E-05 9.9955E-05 9.9955E-05 0.852572 9.9955E-05
0.0103063 0.0486388 0.00018533 0.0276338 0.00198714 9.9982E-05 0.911049 9.9982E-05
9.9973E-05 9.9973E-05 0.00358813 9.9973E-05 0.0974434 0.207614 0.632192 0.058863
0.0138412 0.0216231 0.0251945 0.0090173 0.0354751 9.9991E-05 0.87668 0.0180691
0.159236 0.0193641 9.9964E-05 9.9964E-05 0.0528803 9.9964E-05 0.76812 9.9964E-05
9.9964E-05 0.024277 0.00868815 0.0312644 9.9964E-05 9.9964E-05 0.935371 9.9964E-05
9.9973E-05 9.9973E-05 0.0050933 0.00850922 9.9973E-05 0.362281 0.435439 0.188378
0.968816 0.00449807 0.00616252 9.99639E-05 9.99639E-05 0.0201231 9.99639E-05 9.99639E-05
0.684603 9.99729E-05 0.00675914 9.99729E-05 9.99729E-05 0.250071 0.0227959 0.0354713
0.823312 9.99549E-05 0.0150386 9.99549E-05 9.99549E-05 9.99549E-05 0.16115 9.99549E-05
0.175302 9.9964E-05 0.00835855 0.00235842 9.9964E-05 9.9964E-05 0.813581 9.9964E-05
0.456763 9.9964E-05 0.0220597 9.9964E-05 9.9964E-05 0.00136903 0.519409 9.9964E-05
0.538534 0.00325101 0.0146603 9.9982E-05 0.0306373 0.0549711 0.357746 9.9982E-05
0.347862 9.9955E-05 0.0322067 9.9955E-05 9.9955E-05 9.9955E-05 0.619431 9.9955E-05
0.0759468 0.0185153 0.00714832 0.00999331 0.0461137 0.0392827 0.798724 0.00427617
9.9973E-05 0.089776 9.9973E-05 0.0105153 0.0246814 9.9973E-05 0.833139 0.041588
0.000116562 0.125771 0.0202859 0.0262841 0.045253 0.125403 0.509673 0.147213
9.9991E-05 0.0436228 0.00117216 0.0274887 0.0180426 0.276501 0.46014 0.172933
0.93224 9.99549E-05 9.99549E-05 9.99549E-05 9.99549E-05 9.99549E-05 0.0630276 0.00423265
9.9973E-05 0.0497197 9.9973E-05 0.00249961 0.0384374 9.9973E-05 0.771666 0.137377
0.0355359 0.0971148 0.0131211 9.9991E-05 0.0122929 0.0862397 0.239698 0.515897
9.9973E-05 0.101836 9.9973E-05 0.0403873 0.106385 0.0910637 9.9973E-05 0.660028
0.00827455 0.0706229 0.00125326 9.9982E-05 9.9982E-05 0.0114396 0.140405 0.767804
9.9982E-05 0.0928151 0.00541892 0.0259904 9.9982E-05 0.409333 0.267798 0.198445
9.9973E-05 9.9973E-05 0.00112719 0.0189277 9.9973E-05 0.221308 0.686888 0.0714494
9.9964E-05 0.10828 9.9964E-05 9.9964E-05 0.0020475 0.652849 0.236424 9.9964E-05
9.9982E-05 0.0821024 0.00043381 9.9982E-05 0.000677404 0.492678 0.411004 0.0129038
9.9991E-05 0.00353914 0.00563395 0.00382832 0.00907754 0.368516 0.487565 0.12174
9.9982E-05 0.010635 0.000808338 9.9982E-05 0.0367159 0.601754 0.302359 0.0475278
9.9973E-05 0.258927 0.00241116 9.9973E-05 0.0137502 0.0262177 9.9973E-05 0.698394
9.99549E-05 0.120789 9.99549E-05 0.243832 9.99549E-05 9.99549E-05 9.99549E-05 0.634879
9.99549E-05 0.2482 9.99549E-05 0.232511 9.99549E-05 9.99549E-05 9.99549E-05 0.518789
9.9964E-05 0.26047 9.9964E-05 0.0363342 9.9964E-05 0.0065765 9.9964E-05 0.69622
9.9991E-05 0.367181 0.00982315 0.0326584 0.00533588 0.0243451 0.00162106 0.558935
9.9955E-05 0.170991 9.9955E-05 0.147236 9.9955E-05 9.9955E-05 9.9955E-05 0.681274
9.9964E-05 0.181126 9.9964E-05 0.0197954 0.0252653 9.9964E-05 9.9964E-05 0.773414
9.9955E-05 0.266556 9.9955E-05 0.192811 9.9955E-05 9.9955E-05 9.9955E-05 0.540133
9.99549E-05 0.0833001 9.99549E-05 0.449174 9.99549E-05 9.99549E-05 9.99549E-05 0.467026
9.9955E-05 0.312303 9.9955E-05 0.108563 9.9955E-05 9.9955E-05 9.9955E-05 0.578634
9.9955E-05 0.348614 9.9955E-05 9.9955E-05 0.00467612 9.9955E-05 9.9955E-05 0.64621
0.0136687 0.316776 0.00606591 0.000398599 9.9982E-05 0.0163162 9.9982E-05 0.646574
0.0452862 0.0262606 9.9973E-05 9.9973E-05 9.9973E-05 0.74176 0.149462 0.0369315
0.188046 9.9955E-05 0.0348794 9.9955E-05 9.9955E-05 0.776575 9.9955E-05 9.9955E-05
9.9973E-05 0.0662797 0.00150151 0.00755454 9.9973E-05 0.535487 0.388877 9.9973E-05
9.994E-05 9.994E-05 0.9993 9.994E-05 9.994E-05 9.994E-05 9.994E-05 9.994E-05
9.9982E-05 9.9982E-05 0.0382287 0.0109058 0.0085714 0.931733 0.00303765 0.00732338
9.99639E-05 0.0138816 0.557236 9.99639E-05 9.99639E-05 9.99639E-05 0.295307 0.133176
0.402014 9.9973E-05 0.0452185 0.0463415 0.00445673 0.501669 9.9973E-05 9.9973E-05
0.324609 9.9955E-05 0.0699452 9.9955E-05 9.9955E-05 0.604946 9.9955E-05 9.9955E-05
9.994E-05 9.994E-05 0.9993 9.994E-05 9.994E-05 9.994E-05 9.994E-05 9.994E-05
0.268753 9.9973E-05 0.0832283 0.0673292 0.00345925 0.57693 9.9973E-05 9.9973E-05
0.00310996 9.9973E-05 0.0296703 0.0093047 9.9973E-05 0.895013 0.0626022 9.9973E-05
0.052276 9.9955E-05 0.0705058 9.9955E-05 9.9955E-05 0.876718 9.9955E-05 9.9955E-05
