0.101328 0.0574203 0.330928 0.510324
0.0361248 0.0602862 0.14952 0.75407
0.117306 0.0515124 0.243424 0.587757
0.291356 0.0295604 0.028764 0.65032
0.0657316 0.0882221 0.226226 0.619821
0.0859669 0.0133575 0.144005 0.756671
0.0182513 0.084894 0.0569272 0.839927
0.0233007 0.0614767 0.854788 0.0604341
0.0517957 0.0389933 0.748047 0.161164
9.9982E-05 0.284027 0.715773 9.9982E-05
9.9991E-05 0.0900029 0.868975 0.0409225
0.0422402 0.138993 0.801577 0.0171893
0.0347764 0.0333777 0.883008 0.0488376
9.9982E-05 0.18049 0.81931 9.9982E-05
0.018659 0.111337 0.867248 0.00275607
0.0447082 0.0619196 0.776741 0.116631
9.9982E-05 0.316566 0.683234 9.9982E-05
0.0197948 0.116557 0.730557 0.133091
9.9991E-05 0.234473 0.753694 0.011733
0.0610314 0.0560923 0.669722 0.213154
0.0022206 0.150932 0.763587 0.0832602
0.0365418 0.100044 0.763172 0.100242
9.9991E-05 0.167386 0.767897 0.064617
9.9991E-05 0.160869 0.675099 0.163931
0.0139356 0.150261 0.734716 0.101087
0.00366073 0.140653 0.754566 0.101121
0.0149344 0.124864 0.770931 0.0892706
9.9982E-05 0.29861 0.70119 9.9982E-05
0.0634379 0.0547484 0.696472 0.185342
0.0663179 0.0214377 0.0770934 0.835151
0.108105 0.0139341 0.0742727 0.803688
0.0753961 0.0447831 0.135486 0.744335
0.0702083 0.0742739 0.574187 0.281331
0.0676664 0.0650344 0.155266 0.712033
9.9991E-05 0.292444 0.522133 0.185323
0.0712013 0.0635175 0.667435 0.197846
0.565683 0.434117 9.99821E-05 9.99821E-05
0.0570862 0.076596 0.805958 0.06036
0.0416508 0.0630787 0.757213 0.138057
0.0641611 0.0417972 0.673429 0.220613
0.103242 0.0709329 0.548254 0.27757
0.118 0.0147412 0.0937621 0.773497
0.0619646 0.032483 0.129236 0.776317
0.0507865 9.9982E-05 0.949014 9.9982E-05
0.0130516 0.0528173 0.934031 9.9991E-05
0.0150066 0.139062 0.845831 9.9991E-05
0.0425624 0.0367016 0.91372 0.00701646
0.0545712 0.0093732 0.884934 0.0511221
0.0421328 0.0209537 0.936813 9.9991E-05
0.0204095 0.0693303 0.91016 9.9991E-05
9.9982E-05 0.118419 0.881381 9.9982E-05
0.0458263 0.0288801 0.880841 0.0444526
0.028145 9.9982E-05 0.971655 9.9982E-05
9.9982E-05 0.111106 0.888694 9.9982E-05
0.535063 9.9982E-05 9.9982E-05 0.464737
0.692351 0.0145544 0.0145144 0.27858
0.522671 9.9991E-05 0.00259163 0.474638
0.273636 9.9991E-05 0.00505465 0.72121
0.28916 0.0324011 0.0137202 0.664719
0.857578 9.9991E-05 0.122848 0.019474
0.308566 9.9982E-05 9.9982E-05 0.691234
0.240157 0.040606 9.9991E-05 0.719137
0.123274 0.0846619 0.302433 0.489631
0.515375 9.9982E-05 9.9982E-05 0.484425
0.0619277 0.0190679 0.0795814 0.839423
0.114078 0.0292143 0.00604568 0.850662
0.155645 0.0332874 0.00430313 0.806764
0.201604 0.0234338 0.000686342 0.774276
0.159666 9.9991E-05 0.0435454 0.796689
0.359314 9.9982E-05 9.9982E-05 0.640486
0.256701 9.9991E-05 0.0125392 0.73066
0.436306 9.9982E-05 9.9982E-05 0.563494
0.490913 9.9982E-05 9.9982E-05 0.508887
0.234579 9.9991E-05 0.0348683 0.730452
0.509538 9.9982E-05 9.9982E-05 0.490262
0.585406 9.9982E-05 9.9982E-05 0.414394
0.0856801 0.0416926 0.104354 0.768274
0.167857 9.9982E-05 9.9982E-05 0.831943
0.428481 9.9982E-05 9.9982E-05 0.571319
0.17378 9.9991E-05 0.0528529 0.773267
0.183391 0.0144747 9.9991E-05 0.802035
0.0787711 0.0313933 0.110298 0.779537
0.214819 9.9982E-05 9.9982E-05 0.784981
0.189649 0.00651597 0.0108011 0.793034
0.147828 0.00127251 0.0438774 0.807022
9.9982E-05 0.607762 0.392038 9.9982E-05
9.9982E-05 0.514835 0.484965 9.9982E-05
9.99819E-05 0.569681 0.430119 9.99819E-05
9.99819E-05 0.508582 0.491218 9.99819E-05
9.9982E-05 0.331444 0.668356 9.9982E-05
9.9982E-05 0.394759 0.605041 9.9982E-05
9.9982E-05 0.134425 0.865375 9.9982E-05
0.333289 9.9982E-05 9.9982E-05 0.666511
0.60271 9.9982E-05 9.9982E-05 0.39709
0.356801 9.9982E-05 9.9982E-05 0.642999
0.23788 9.9982E-05 9.9982E-05 0.76192
0.298708 9.9982E-05 9.9982E-05 0.701092
0.125602 0.0156312 0.0373145 0.821452
0.315728 9.9982E-05 9.9982E-05 0.684072
0.102551 0.00730951 0.0698598 0.82028
0.437109 9.9982E-05 9.9982E-05 0.562691
0.336968 9.9982E-05 9.9982E-05 0.662832
9.9982E-05 0.629993 0.369807 9.9982E-05
9.9991E-05 0.344419 0.626546 0.028935
9.9991E-05 0.209669 0.789066 0.00116555
9.9991E-05 0.212307 0.720081 0.067512
9.9991E-05 0.347663 0.565243 0.0869935
9.9991E-05 0.335295 0.618052 0.0465536
9.9982E-05 0.96731 9.9982E-05 0.0324897
0.355393 0.041996 0.00312516 0.599486
9.9991E-05 0.265362 0.640492 0.0940468
0.0710289 0.232573 0.620549 0.07585
9.9991E-05 0.519598 0.468408 0.0118937
9.9991E-05 0.515285 0.40561 0.079005
9.9991E-05 0.35895 0.508287 0.132663
9.9991E-05 0.853376 0.125791 0.0207331
9.9991E-05 0.887566 0.0909878 0.0213467
9.9991E-05 0.309596 0.612726 0.0775785
9.9991E-05 0.488104 0.490278 0.0215175
9.9982E-05 0.841396 0.158404 9.9982E-05
9.9982E-05 0.395665 0.604135 9.9982E-05
9.9982E-05 0.927147 0.0726526 9.9982E-05
9.9982E-05 0.412968 0.586832 9.9982E-05
9.99819E-05 0.747298 0.252502 9.99819E-05
9.9982E-05 0.156474 0.843326 9.9982E-05
0.0419796 0.0764077 0.800185 0.0814276
0.316323 0.683477 9.9982E-05 9.9982E-05
9.9982E-05 0.778304 0.221496 9.9982E-05
0.107187 0.892613 9.9982E-05 9.9982E-05
0.109454 0.180341 9.9991E-05 0.710105
0.00251796 0.937388 9.9991E-05 0.0599942
0.0579682 0.199674 0.342898 0.399459
0.0516323 0.188975 0.503314 0.256079
0.00664968 0.113317 0.86864 0.0113942
9.9991E-05 0.438576 0.390997 0.170327
0.00516535 0.124997 0.754411 0.115427
9.9991E-05 0.434181 0.527173 0.0385464
0.118686 0.501531 0.126811 0.252971
0.210525 0.0102882 0.00934043 0.769846
0.0257003 0.235936 0.619638 0.118726
9.9991E-05 0.339136 0.580952 0.0798123
0.306522 9.9982E-05 9.9982E-05 0.693278
0.390407 9.9982E-05 9.9982E-05 0.609393
0.155467 0.0129087 9.9991E-05 0.831524
0.0871079 0.0240641 0.0552896 0.833538
0.436786 9.9982E-05 9.9982E-05 0.563014
0.0803458 0.0256344 0.107436 0.786584
0.137974 0.00278559 0.0368994 0.822341
0.304204 9.9982E-05 9.9982E-05 0.695596
0.238346 9.9982E-05 9.9982E-05 0.761454
0.1188 0.01083 0.0770413 0.793329
0.092809 0.0322484 0.0358498 0.839093
0.151243 9.9991E-05 0.0709779 0.777679
0.194949 0.00750291 0.00242927 0.795119
0.098938 0.00760964 0.0458159 0.847636
0.0548332 0.0451128 0.118708 0.781346
0.933185 9.9982E-05 9.9982E-05 0.0666147
0.706399 0.0104606 0.015605 0.267535
0.849707 9.9982E-05 9.9982E-05 0.150093
0.275448 0.00461256 9.9991E-05 0.719839
0.517509 9.9982E-05 9.9982E-05 0.482291
0.58046 9.9991E-05 0.00239475 0.417045
0.460253 9.9982E-05 9.9982E-05 0.539547
0.167351 0.00200291 0.0381678 0.792478
0.042382 0.0306421 0.107825 0.819151
0.0487431 0.111518 0.189321 0.650419
0.0489517 0.0583343 0.171332 0.721382
0.909612 9.9991E-05 0.00566973 0.0846183
0.00616052 0.0406601 0.142123 0.811057
0.083442 0.0437374 0.526945 0.345875
9.9991E-05 0.18117 0.59193 0.2268
0.0130993 0.0862011 0.676963 0.223737
0.0716476 0.0688526 0.223936 0.635564
0.0584695 0.039503 0.0168348 0.885193
0.0374626 0.0134571 0.0874681 0.861612
0.0767688 0.00868929 0.0869892 0.827553
0.0477461 0.0337051 0.0641675 0.854381
0.0655179 0.0306948 0.0197893 0.883998
0.00498847 0.0841379 0.827727 0.0831463
9.9982E-05 0.356792 0.643008 9.9982E-05
9.9982E-05 0.347294 0.652506 9.9982E-05
9.9991E-05 0.151035 0.792698 0.0561674
9.9991E-05 0.158805 0.768034 0.0730604
9.9991E-05 0.255738 0.703152 0.0410101
9.9991E-05 0.141361 0.777636 0.0809037
9.9991E-05 0.296221 0.690825 0.0128546
9.9982E-05 0.571529 0.428271 9.9982E-05
9.9991E-05 0.212375 0.757896 0.0296291
0.0145191 0.0896188 0.883742 0.01212
0.0226082 0.104743 0.827038 0.045611
0.159406 0.00589934 0.0523728 0.782322
0.368827 9.9982E-05 9.9982E-05 0.630973
0.082181 0.0233046 0.0450312 0.849483
0.788756 9.9991E-05 0.0351122 0.176032
0.178077 0.0247295 9.9991E-05 0.797093
0.338051 9.9991E-05 0.114335 0.547515
0.56917 0.0644686 9.9991E-05 0.366262
0.487067 9.9982E-05 9.9982E-05 0.512733
0.9997 9.998E-05 9.998E-05 9.998E-05
0.486228 0.087115 9.9991E-05 0.426557
0.171331 0.0118262 9.9991E-05 0.816743
0.280558 9.9991E-05 0.00231986 0.717022
