0.0162365 0.562652 0.215892 0.15194 0.0241444 0.0291351
0.0105275 0.76867 0.0991926 0.0721489 0.0493609 9.9991E-05
0.0537507 0.647154 0.224099 0.032344 0.016766 0.0258858
0.0372988 0.656563 0.0532558 9.9982E-05 9.9982E-05 0.252682
0.039953 0.601639 0.0808907 0.221221 0.0237394 0.0325571
0.0226604 0.745677 0.00678974 0.186493 9.9991E-05 0.0382793
0.0126762 0.786588 9.9991E-05 0.150794 0.0306835 0.0191588
0.000335595 0.0984848 0.659723 0.234475 0.00688188 9.9991E-05
9.9982E-05 0.170506 0.433058 0.360747 9.9982E-05 0.0354885
0.00753582 9.9982E-05 0.679704 0.0796689 0.232891 9.9982E-05
9.9982E-05 0.0481023 0.633543 0.28629 0.031864 9.9982E-05
0.0123977 0.0759034 0.663088 0.149455 0.0990561 9.9991E-05
9.9982E-05 0.0811549 0.633623 0.280146 9.9982E-05 0.00487601
9.9973E-05 9.9973E-05 0.70081 0.155534 0.143356 9.9973E-05
0.00326278 9.9991E-05 0.492791 0.462853 0.0355215 0.00547161
9.9982E-05 0.0773103 0.308466 0.575732 9.9982E-05 0.0382909
9.9973E-05 9.9973E-05 0.339375 0.361244 0.299081 9.9973E-05
9.9991E-05 0.127472 0.419967 0.387544 0.0595918 0.00532558
9.9973E-05 9.9973E-05 0.386922 0.416664 0.196113 9.9973E-05
0.00957821 0.152935 0.24293 0.540979 9.9991E-05 0.053478
0.00919947 0.0189565 0.261481 0.6556 0.0546631 9.9991E-05
0.0041648 0.0581467 0.299907 0.593519 0.0112514 0.0330111
9.9982E-05 0.0277155 0.340233 0.539397 0.0924549 9.9982E-05
0.0029128 0.0561201 0.0722952 0.82602 0.0425518 9.9991E-05
0.0388178 9.9973E-05 0.0417498 0.919132 9.9973E-05 9.9973E-05
9.9982E-05 9.9982E-05 0.117632 0.83108 0.0347549 0.016333
9.999E-05 0.0630605 0.376956 0.486211 0.0597361 0.0139358
9.99729E-05 9.99729E-05 0.223219 0.519804 0.256677 9.99729E-05
0.0132148 0.18972 0.252289 0.523142 9.9991E-05 0.0215345
0.0137176 0.844257 0.00668868 0.117754 9.9991E-05 0.017482
9.9982E-05 0.818547 0.088345 9.9982E-05 0.010438 0.08247
0.0121157 0.746547 0.0766003 0.0943687 0.0287611 0.0416069
0.00347637 0.171658 0.0840022 0.640029 9.9991E-05 0.100735
0.000711541 0.68807 0.0732695 0.153011 0.0369561 0.0479824
9.9982E-05 0.0569486 9.9982E-05 0.783032 0.147355 0.0124651
9.9982E-05 0.154468 0.177876 0.602019 9.9982E-05 0.0654358
0.9995 9.996E-05 9.996E-05 9.996E-05 9.996E-05 9.996E-05
0.0235247 0.0377263 0.243178 0.679608 9.9991E-05 0.0158622
0.00260826 0.108004 0.338951 0.489402 0.0247418 0.0362931
0.00642717 0.165867 0.0678505 0.713719 9.9991E-05 0.0460361
0.00446402 0.195102 0.118091 0.568486 9.9991E-05 0.113756
0.000554277 0.758467 0.097295 0.0286653 0.00331929 0.111699
0.0121881 0.753077 0.0337178 0.167713 9.9991E-05 0.0332034
9.9973E-05 0.0977556 0.893631 9.9973E-05 9.9973E-05 0.00831313
9.9982E-05 0.0198252 0.922776 0.044761 9.9982E-05 0.0124377
0.017217 0.0137969 0.896961 9.9991E-05 0.055762 0.0161636
9.9982E-05 0.0269981 0.561416 0.395145 9.9982E-05 0.0162414
9.9982E-05 0.114746 0.707042 0.160741 9.9982E-05 0.0172708
9.9973E-05 0.0305177 0.553735 0.415447 9.9973E-05 9.9973E-05
9.9991E-05 0.0294507 0.77997 0.180446 0.00879728 0.00123639
0.00598005 0.00119553 0.944292 9.9991E-05 0.0438978 0.00453468
9.9982E-05 0.115105 0.750643 0.129581 9.9982E-05 0.00447147
9.9973E-05 0.064171 0.933023 9.9973E-05 9.9973E-05 0.00250602
9.9982E-05 0.000828453 0.933789 9.9982E-05 0.0549309 0.0102513
0.0134294 0.415734 9.9973E-05 9.9973E-05 9.9973E-05 0.570537
0.0537395 0.234545 9.9982E-05 0.012494 9.9982E-05 0.699021
0.00667 0.401965 9.9982E-05 0.0167958 9.9982E-05 0.574369
0.0225298 0.705929 0.0199317 9.9982E-05 9.9982E-05 0.251409
0.0348266 0.612869 9.9982E-05 0.051959 9.9982E-05 0.300145
0.0514413 9.9991E-05 0.0420933 0.028363 0.0155974 0.862405
0.0163048 0.674354 9.9982E-05 0.00197309 9.9982E-05 0.307168
0.0539712 0.759317 9.9982E-05 9.9982E-05 0.016244 0.170268
0.0127552 0.48255 0.12178 0.234491 0.0599395 0.0884845
0.0352172 0.457557 9.9973E-05 9.9973E-05 9.9973E-05 0.506926
9.9982E-05 0.807786 0.0121678 0.132586 9.9982E-05 0.0472604
0.0130597 0.849437 0.0473721 9.9991E-05 0.00838632 0.0816453
0.0138887 0.783402 9.9991E-05 0.0275957 0.0238733 0.15114
9.9982E-05 0.780805 9.9982E-05 0.00348421 0.0321865 0.183324
0.0146192 0.802419 9.9982E-05 0.062931 9.9982E-05 0.119831
0.00288317 0.648381 9.9973E-05 9.9973E-05 9.9973E-05 0.348436
9.9973E-05 0.679123 9.9973E-05 0.0470031 9.9973E-05 0.273574
0.0056973 0.5381 9.9973E-05 9.9973E-05 9.9973E-05 0.455903
9.9964E-05 0.48324 9.9964E-05 9.9964E-05 9.9964E-05 0.516361
0.0324388 0.772339 0.0180627 0.0203841 9.9991E-05 0.156676
0.0095986 0.468522 9.9973E-05 9.9973E-05 9.9973E-05 0.521579
9.9964E-05 0.337011 9.9964E-05 9.9964E-05 9.9964E-05 0.662589
0.00302142 0.785153 0.0261483 0.130488 0.0211735 0.0340157
0.0210067 0.843746 9.9982E-05 0.00803926 9.9982E-05 0.127008
0.0522413 0.555002 9.9973E-05 9.9973E-05 9.9973E-05 0.392456
0.0300726 0.761967 0.0598566 9.9982E-05 9.9982E-05 0.147904
0.0409424 0.807538 0.0169539 9.9982E-05 9.9982E-05 0.134366
0.00732232 0.774938 0.0295597 0.125963 0.0131964 0.0490205
0.0414185 0.816761 0.00112913 9.9982E-05 9.9982E-05 0.140491
0.0413327 0.822399 9.9982E-05 0.0139005 9.9982E-05 0.122168
0.0304283 0.836772 0.0301843 0.0159551 9.9991E-05 0.0865604
9.99639E-05 9.99639E-05 0.413323 9.99639E-05 0.586277 9.99639E-05
9.9964E-05 9.9964E-05 0.520992 9.9964E-05 0.478608 9.9964E-05
9.99639E-05 9.99639E-05 0.459311 9.99639E-05 0.540289 9.99639E-05
9.99639E-05 9.99639E-05 0.503349 9.99639E-05 0.496251 9.99639E-05
9.9982E-05 0.00178971 0.520111 0.166306 0.311593 9.9982E-05
9.99639E-05 9.99639E-05 0.617597 9.99639E-05 0.382003 9.99639E-05
9.99639E-05 9.99639E-05 0.971944 9.99639E-05 0.0276558 9.99639E-05
0.00380489 0.629935 0.0107993 9.9982E-05 9.9982E-05 0.355261
0.00802379 0.326226 9.9973E-05 9.9973E-05 9.9973E-05 0.66545
0.0250024 0.654409 9.9973E-05 9.9973E-05 9.9973E-05 0.320289
0.000948438 0.758686 9.9982E-05 9.9982E-05 0.0107018 0.229464
0.00366343 0.671679 9.9973E-05 9.9973E-05 9.9973E-05 0.324358
9.9991E-05 0.793011 0.0431496 0.0376953 0.00811796 0.117926
9.9964E-05 0.673549 9.9964E-05 9.9964E-05 9.9964E-05 0.326052
0.00227684 0.832588 0.0826972 9.9991E-05 0.00830484 0.0740331
0.0215542 0.517694 9.9973E-05 9.9973E-05 9.9973E-05 0.460452
9.9973E-05 0.631052 9.9973E-05 0.0099563 9.9973E-05 0.358692
9.9982E-05 0.0207053 0.264069 0.0148696 0.700156 9.9982E-05
9.9973E-05 9.9973E-05 0.073639 0.630101 0.29596 9.9973E-05
9.9973E-05 9.9973E-05 0.393182 0.451171 0.155348 9.9973E-05
9.9991E-05 0.0268545 0.290606 0.525497 0.155072 0.00187053
9.9991E-05 0.0118254 0.0140933 0.681446 0.290264 0.00227217
9.99639E-05 9.99639E-05 9.99639E-05 0.748159 0.251441 9.99639E-05
9.9964E-05 9.9964E-05 9.9964E-05 9.9964E-05 0.977535 0.0220647
0.0155005 0.531434 9.9991E-05 0.0505811 0.0198008 0.382584
9.9991E-05 0.0162583 0.0701814 0.702175 0.200879 0.0104063
0.20708 9.99729E-05 0.247207 0.545413 9.99729E-05 9.99729E-05
0.000230183 9.9982E-05 0.114473 0.383748 0.501349 9.9982E-05
9.9964E-05 9.9964E-05 9.9964E-05 0.604049 0.395551 9.9964E-05
0.030443 0.0258649 9.9982E-05 0.711543 0.231949 9.9982E-05
0.0081277 0.0184109 9.9982E-05 0.102951 0.870311 9.9982E-05
0.0276275 9.9982E-05 9.9982E-05 0.0893778 0.872819 0.00997595
0.00335051 9.9982E-05 0.0160246 0.76295 0.217475 9.9982E-05
0.0102653 9.9982E-05 0.1303 0.400873 0.458363 9.9982E-05
9.9973E-05 0.0151727 0.0503082 9.9973E-05 0.934219 9.9973E-05
9.99729E-05 9.99729E-05 0.450128 0.176403 0.37317 9.99729E-05
0.00650988 9.9973E-05 0.0351915 9.9973E-05 0.957999 9.9973E-05
9.9973E-05 9.9973E-05 0.571553 0.0415797 0.386567 9.9973E-05
9.99639E-05 9.99639E-05 0.260308 9.99639E-05 0.739292 9.99639E-05
9.9973E-05 9.9973E-05 0.505107 0.390083 0.10451 9.9973E-05
9.9991E-05 0.0896066 0.550501 0.30168 0.0318396 0.0262725
0.716428 9.99639E-05 9.99639E-05 9.99639E-05 0.283172 9.99639E-05
0.0148333 9.9973E-05 9.9973E-05 0.19961 0.785257 9.9973E-05
0.0860302 9.9973E-05 9.9973E-05 9.9973E-05 0.836876 0.0767942
0.0826182 0.665704 9.9991E-05 0.110026 0.0685921 0.0729596
0.0182744 9.9982E-05 9.9982E-05 0.0297155 0.894085 0.0577253
0.117712 0.288362 9.9982E-05 0.589331 9.9982E-05 0.00439449
0.0516485 0.0998955 9.9982E-05 0.781424 9.9982E-05 0.0668316
9.99891E-05 0.00418905 0.495981 0.435703 0.0639267 9.99891E-05
0.0195379 0.0440578 9.9991E-05 0.578685 0.31665 0.0409697
9.9991E-05 0.0243373 0.192345 0.749738 0.0209727 0.0125067
9.9973E-05 9.9973E-05 0.0361457 0.546322 0.417232 9.9973E-05
0.153714 0.148861 9.9991E-05 0.328652 0.286092 0.0825807
0.0232671 0.788225 0.0253671 9.9982E-05 9.9982E-05 0.162941
0.0262786 9.9991E-05 0.0251689 0.807927 0.111409 0.0291166
0.0523547 9.9982E-05 0.166417 0.579392 0.201636 9.9982E-05
9.9964E-05 0.669336 9.9964E-05 9.9964E-05 9.9964E-05 0.330264
0.00462424 0.593405 9.9973E-05 9.9973E-05 9.9973E-05 0.401671
9.9982E-05 0.81865 0.0185224 9.9982E-05 0.0182318 0.144396
9.9982E-05 0.834103 9.9982E-05 0.0975392 0.010372 0.0577856
0.00639349 0.55346 9.9973E-05 9.9973E-05 9.9973E-05 0.439847
9.9991E-05 0.807638 0.0525405 0.067041 0.0358331 0.0368472
9.9973E-05 0.783107 9.9973E-05 0.0745511 9.9973E-05 0.142042
9.9964E-05 0.705967 9.9964E-05 9.9964E-05 9.9964E-05 0.293633
0.00468638 0.780281 9.9982E-05 0.00117701 9.9982E-05 0.213656
9.9991E-05 0.793087 0.0884559 0.00998986 0.00744483 0.100922
0.0221283 0.839997 0.00905816 0.0830348 0.00230928 0.0434725
9.9982E-05 0.759736 0.0238708 0.0756906 9.9982E-05 0.140503
0.0203593 0.768203 0.0316511 9.9982E-05 9.9982E-05 0.179587
9.9982E-05 0.830247 0.069745 9.9982E-05 0.0134128 0.0863949
9.9991E-05 0.740993 0.00698554 0.181355 0.0129297 0.0576368
0.0230797 9.9964E-05 9.9964E-05 9.9964E-05 9.9964E-05 0.97652
0.0400504 0.203602 9.9991E-05 0.00814013 0.0146195 0.733488
9.9964E-05 0.0187053 9.9964E-05 9.9964E-05 9.9964E-05 0.980895
9.9973E-05 0.72798 9.9973E-05 9.9973E-05 0.013851 0.257869
0.0168425 0.437997 9.9973E-05 9.9973E-05 9.9973E-05 0.544861
0.0416543 0.380075 9.9973E-05 9.9973E-05 9.9973E-05 0.577971
0.00823726 0.518735 9.9982E-05 9.9982E-05 0.00573072 0.467098
0.00632566 0.777366 0.0321219 0.0237423 0.0105098 0.149934
9.9991E-05 0.840789 0.122811 0.000883459 0.0277338 0.00768225
0.00446641 0.61645 0.0818162 0.165693 0.0740503 0.057524
9.9991E-05 0.694513 0.0617217 0.137585 0.0606995 0.0453808
0.0338143 9.9964E-05 9.9964E-05 9.9964E-05 9.9964E-05 0.965786
9.9982E-05 0.809821 0.113361 0.0325149 0.0441028 9.9982E-05
9.9982E-05 0.287212 0.0951171 0.540861 9.9982E-05 0.0766108
9.9982E-05 0.158937 0.110534 0.623881 0.106448 9.9982E-05
9.9982E-05 0.115918 0.109826 0.739219 9.9982E-05 0.0348368
9.9991E-05 0.649757 0.118413 0.147974 0.0492083 0.0345471
9.9982E-05 0.870842 9.9982E-05 0.0711275 0.0257501 0.0320802
0.00702555 0.843841 0.0844382 0.0422069 9.9991E-05 0.0223886
0.00722421 0.846969 0.0581559 0.0558998 9.9991E-05 0.0316514
9.9982E-05 0.850892 9.9982E-05 0.0949373 0.0263949 0.0275763
0.00251704 0.865645 0.00912258 0.0665683 9.9991E-05 0.0560466
9.9982E-05 0.027595 0.224949 0.743961 0.003295 9.9982E-05
9.9973E-05 9.9973E-05 0.0433562 0.652804 0.30354 9.9973E-05
9.99729E-05 9.99729E-05 0.174258 0.513541 0.311902 9.99729E-05
9.9982E-05 0.00273788 0.279502 0.645619 0.0719416 9.9982E-05
9.9982E-05 0.0190839 0.32082 0.58667 0.0732265 9.9982E-05
9.9973E-05 9.9973E-05 0.116452 0.692708 0.19054 9.9973E-05
9.9973E-05 9.9973E-05 0.138621 0.811288 0.049791 9.9973E-05
9.9973E-05 9.9973E-05 0.241414 0.5215 0.236786 9.9973E-05
9.9964E-05 9.9964E-05 9.9964E-05 0.433578 0.566022 9.9964E-05
9.9973E-05 9.9973E-05 0.241264 0.61722 0.141216 9.9973E-05
9.9973E-05 9.9973E-05 0.292052 0.704024 0.0036242 9.9973E-05
9.9982E-05 9.9982E-05 0.28313 0.680147 0.0238284 0.0126955
0.000591892 0.75719 9.9991E-05 0.0782826 0.00657319 0.157262
0.0166805 0.623035 9.9982E-05 9.9982E-05 0.00170141 0.358383
9.9991E-05 0.8539 0.0478558 0.0128035 0.02463 0.0607111
9.99729E-05 0.026323 9.99729E-05 0.0535995 9.99729E-05 0.919778
9.9982E-05 0.788197 9.9982E-05 0.00722257 0.0368552 0.167526
9.99729E-05 0.423524 9.99729E-05 0.1659 9.99729E-05 0.410276
0.0649354 0.278157 9.9982E-05 0.0713146 9.9982E-05 0.585393
0.0180573 0.47571 9.9973E-05 9.9973E-05 9.9973E-05 0.505932
9.996E-05 9.996E-05 9.996E-05 9.996E-05 9.996E-05 0.9995
0.0697347 0.423278 9.9982E-05 9.9982E-05 0.0563377 0.45045
9.9982E-05 0.792591 9.9982E-05 0.0203685 0.0205847 0.166256
0.0147435 0.708011 0.011109 9.9982E-05 9.9982E-05 0.265936
