0.496434 0.130562 0.258507 0.0195083 0.0949883
0.747282 0.0811229 0.102234 0.0311538 0.0382073
0.589367 0.112359 0.159372 0.0406675 0.0982341
0.66639 0.0196441 0.0292053 0.0185551 0.266206
0.589769 0.141597 0.146248 0.0423592 0.0800261
0.73404 0.0389967 0.144747 9.9991E-05 0.0821168
0.779484 9.9991E-05 0.163197 0.0296581 0.0275607
0.0984637 0.606695 0.283609 0.0111319 9.9991E-05
0.182219 0.466023 0.315668 9.9991E-05 0.0359904
9.9982E-05 0.705248 0.0898155 0.204737 9.9982E-05
0.0454761 0.634048 0.313222 0.00715465 9.9991E-05
0.0520534 0.652816 0.194244 0.0722197 0.0286676
0.0958296 0.633105 0.270866 9.9982E-05 9.9982E-05
9.9982E-05 0.702613 0.196523 0.100664 9.9982E-05
9.9991E-05 0.476376 0.506498 0.0136689 0.003357
0.088143 0.266819 0.621383 9.9991E-05 0.0235544
9.9982E-05 0.403327 0.371418 0.225055 9.9982E-05
0.14344 0.43945 0.369005 0.0480048 9.9991E-05
9.9982E-05 0.443759 0.407425 0.148616 9.9982E-05
0.170719 0.2314 0.546539 9.9991E-05 0.0512419
0.0364874 0.264919 0.650155 0.0483382 9.9991E-05
0.0553777 0.257167 0.657124 0.011344 0.0189872
0.0188723 0.366842 0.555226 0.0571591 0.00190045
0.0547974 0.0909466 0.820251 0.0321773 0.00182745
9.9991E-05 0.0232334 0.942508 0.018678 0.0154803
0.00649147 0.153998 0.811076 0.0189149 0.009519
0.0558825 0.385786 0.510212 0.0373935 0.0107261
9.9982E-05 0.289334 0.523362 0.187104 9.9982E-05
0.183918 0.287728 0.489692 9.9991E-05 0.0385618
0.806915 0.00644128 0.107718 0.0138206 0.0651054
0.82578 0.0674549 9.9991E-05 0.022763 0.0839022
0.757899 0.088419 0.0672792 0.0427662 0.0436361
0.200679 0.0887697 0.62878 9.9991E-05 0.0816709
0.69606 0.030306 0.180839 0.0397717 0.0530236
0.0662043 9.9991E-05 0.819449 0.111461 0.00278596
0.149998 0.202963 0.584257 9.9991E-05 0.0626822
9.99731E-05 9.99731E-05 9.99731E-05 0.45191 0.54779
0.0205365 0.26027 0.673621 9.9991E-05 0.0454725
0.116079 0.412573 0.436825 9.9991E-05 0.0344227
0.176554 0.0978301 0.678936 9.9991E-05 0.04658
0.226206 0.197469 0.474669 9.9991E-05 0.101557
0.769496 0.0355117 0.0750369 0.0142185 0.105737
0.75236 0.0515326 0.115617 0.0268593 0.053632
0.10756 0.878788 9.9982E-05 9.9982E-05 0.0134519
0.0279882 0.953981 9.9982E-05 9.9982E-05 0.0178307
9.9982E-05 0.900563 9.9982E-05 0.0588481 0.0403893
0.0488626 0.600492 0.341153 9.9991E-05 0.00939275
0.138709 0.776122 0.0662269 9.9991E-05 0.0188424
0.0432033 0.617123 0.332532 9.9991E-05 0.00704194
0.065193 0.87638 0.0505902 0.00773706 9.9991E-05
9.9982E-05 0.956656 9.9982E-05 0.0289763 0.0141673
0.121824 0.71592 0.162056 9.9982E-05 9.9982E-05
0.0865821 0.913118 9.9973E-05 9.9973E-05 9.9973E-05
0.00847315 0.94482 9.9991E-05 0.034015 0.0125921
0.466122 9.9973E-05 9.9973E-05 9.9973E-05 0.533578
0.2692 9.9991E-05 0.0225956 0.00993028 0.698174
0.474076 0.0112295 9.9982E-05 9.9982E-05 0.514494
0.712689 0.0174025 9.9982E-05 9.9982E-05 0.269709
0.62751 9.9982E-05 0.0681074 9.9982E-05 0.304183
0.0211454 0.0348438 0.0922062 9.9991E-05 0.851705
0.706794 9.9991E-05 0.00287877 0.00143061 0.288797
0.742331 9.9982E-05 9.9982E-05 0.0348176 0.222651
0.493199 0.113043 0.242363 0.0573424 0.0940517
0.500268 9.9973E-05 9.9973E-05 9.9973E-05 0.499432
0.82625 0.024179 0.0880909 0.00764792 0.0538317
0.830759 0.0406891 9.9991E-05 0.00855462 0.119897
0.805349 0.0245869 9.9991E-05 0.0224783 0.147486
0.801244 9.9982E-05 9.9982E-05 0.0215334 0.177022
0.798516 9.9982E-05 0.0653788 9.9982E-05 0.135905
0.654843 9.9973E-05 9.9973E-05 9.9973E-05 0.344857
0.752585 9.9982E-05 0.0115695 9.9982E-05 0.235645
0.565423 9.9973E-05 9.9973E-05 9.9973E-05 0.434277
0.522619 9.9973E-05 9.9973E-05 9.9973E-05 0.477081
0.750832 0.0332307 9.9991E-05 0.00840318 0.207434
0.510893 9.9973E-05 9.9973E-05 9.9973E-05 0.488807
0.410295 9.9973E-05 9.9973E-05 9.9973E-05 0.589405
0.748179 0.0278034 0.143891 0.000286206 0.0798405
0.844967 9.9991E-05 0.00408183 0.000879046 0.149972
0.562468 0.0139855 9.9982E-05 9.9982E-05 0.423346
0.759055 0.0606817 9.9982E-05 9.9982E-05 0.180063
0.800677 0.00113054 9.9991E-05 0.0237496 0.174343
0.790082 0.0599315 0.0678991 0.0174302 0.0646573
0.774282 9.9982E-05 0.0155014 9.9982E-05 0.210016
0.830494 9.9982E-05 9.9982E-05 0.0169568 0.152349
0.810416 0.00416102 0.0516312 0.00646632 0.127326
9.99729E-05 0.510138 9.99729E-05 0.489562 9.99729E-05
9.99729E-05 0.597884 9.99729E-05 0.401816 9.99729E-05
9.99729E-05 0.538233 9.99729E-05 0.461467 9.99729E-05
9.99729E-05 0.587034 9.99729E-05 0.412666 9.99729E-05
9.9982E-05 0.61629 0.144182 0.239328 9.9982E-05
9.99729E-05 0.686936 9.99729E-05 0.312764 9.99729E-05
9.99729E-05 0.98087 9.99729E-05 0.0188303 9.99729E-05
0.664675 9.9973E-05 9.9973E-05 9.9973E-05 0.335025
0.394146 9.9973E-05 9.9973E-05 9.9973E-05 0.605554
0.661026 9.9973E-05 9.9973E-05 9.9973E-05 0.338674
0.781083 9.9973E-05 9.9973E-05 9.9973E-05 0.218617
0.728062 9.9973E-05 9.9973E-05 9.9973E-05 0.271638
0.806957 0.0319136 0.0410414 0.00338307 0.116705
0.700697 9.9973E-05 9.9973E-05 9.9973E-05 0.299003
0.834108 0.0618447 0.0112368 0.00922427 0.0835865
0.565043 9.9973E-05 9.9973E-05 9.9973E-05 0.434657
0.673329 9.9973E-05 9.9973E-05 9.9973E-05 0.326371
0.000689711 0.394025 0.0419023 0.563283 9.9991E-05
9.9982E-05 0.140597 0.630999 0.228204 9.9982E-05
9.9982E-05 0.430687 0.445608 0.123505 9.9982E-05
0.0300684 0.341431 0.505109 0.123292 9.9991E-05
0.00413053 0.046688 0.722799 0.226283 9.9991E-05
9.9973E-05 9.9973E-05 0.783955 0.215745 9.9973E-05
0.0171872 9.9982E-05 0.1063 0.876312 9.9982E-05
0.558124 9.9991E-05 0.0608689 0.0112038 0.369704
0.0100106 0.108477 0.7312 0.146846 0.00346592
9.9991E-05 0.161006 0.643102 0.11623 0.0795632
9.9982E-05 0.151 0.438234 0.410566 9.9982E-05
9.9973E-05 9.9973E-05 0.686351 0.313349 9.9973E-05
0.0506628 0.029153 0.690711 0.229373 9.9991E-05
9.99729E-05 9.99729E-05 0.262433 0.737267 9.99729E-05
9.99729E-05 9.99729E-05 0.224343 0.775358 9.99729E-05
9.9982E-05 0.0136045 0.806265 0.17993 9.9982E-05
9.9982E-05 0.190852 0.423925 0.385023 9.9982E-05
9.99729E-05 0.239771 9.99729E-05 0.759929 9.99729E-05
9.99819E-05 0.473733 0.229785 0.296281 9.99819E-05
9.99729E-05 0.168983 9.99729E-05 0.830717 9.99729E-05
9.9982E-05 0.617159 0.0576725 0.324968 9.9982E-05
9.99729E-05 0.365099 9.99729E-05 0.634601 9.99729E-05
9.9982E-05 0.595802 0.341046 0.0629521 9.9982E-05
0.0771855 0.493453 0.384146 0.00940848 0.0358067
9.9973E-05 9.9973E-05 9.9973E-05 0.694096 0.305604
9.9982E-05 0.0220717 0.305406 0.672322 9.9982E-05
0.0303309 9.9982E-05 9.9982E-05 0.88923 0.0802394
0.652638 9.9991E-05 0.0835837 0.133534 0.130144
9.9982E-05 9.9982E-05 0.200032 0.780404 0.0193637
0.268109 9.9991E-05 0.565939 0.070198 0.0956548
0.0868295 9.9991E-05 0.79772 0.0141931 0.101157
0.0105368 0.565 0.390619 0.0337441 9.9991E-05
0.038998 9.9991E-05 0.657774 0.269815 0.0333137
0.0529643 0.22108 0.693882 0.021258 0.010815
9.9982E-05 0.0872668 0.592997 0.319537 9.9982E-05
0.11639 9.9991E-05 0.34407 0.35684 0.1826
0.778238 0.0255239 9.9991E-05 0.0060255 0.190112
9.9991E-05 0.0364123 0.818127 0.105248 0.0401126
9.9991E-05 0.123031 0.664836 0.201726 0.0103065
0.704535 9.9973E-05 9.9973E-05 9.9973E-05 0.295165
0.639345 9.9973E-05 9.9973E-05 9.9973E-05 0.360355
0.85104 9.9982E-05 9.9982E-05 0.0250409 0.123719
0.853829 9.9991E-05 0.0748574 0.0142908 0.0569231
0.582901 9.9973E-05 9.9973E-05 9.9973E-05 0.416799
0.81599 0.042141 0.0734765 0.0303125 0.0380802
0.803323 0.0252453 0.029411 9.9991E-05 0.141921
0.713345 9.9973E-05 9.9973E-05 9.9973E-05 0.286355
0.774861 9.9973E-05 9.9973E-05 9.9973E-05 0.224839
0.811956 0.0549535 0.0134804 0.0206574 0.0989524
0.845293 0.0403079 0.023716 0.0073387 0.083344
0.799075 0.0344256 0.0424175 9.9991E-05 0.123982
0.78762 0.0177639 9.9982E-05 9.9982E-05 0.194416
0.852327 0.0482849 9.9991E-05 0.0101135 0.0891745
0.786699 0.0173959 0.119262 0.0416537 0.0349889
0.0259995 0.0115115 9.9982E-05 9.9982E-05 0.962289
0.255026 9.9991E-05 0.0257139 0.0106638 0.708496
0.141356 9.9973E-05 9.9973E-05 9.9973E-05 0.858344
0.749505 9.9982E-05 9.9982E-05 0.00393878 0.246356
0.487493 9.9973E-05 9.9973E-05 9.9973E-05 0.512207
0.406425 0.0136531 9.9982E-05 9.9982E-05 0.579722
0.561092 9.9982E-05 9.9982E-05 0.00235785 0.43635
0.779629 0.00674781 0.0561353 9.9991E-05 0.157388
0.857183 0.0936242 9.9991E-05 0.0399813 0.00911161
0.619223 0.0994812 0.183273 0.0392398 0.0587829
0.700761 0.0647989 0.149516 0.037142 0.0477813
0.0780099 0.0105216 9.9982E-05 9.9982E-05 0.911269
0.813929 0.141908 9.9991E-05 0.0397756 0.00428776
0.330746 0.146989 0.456095 9.9991E-05 0.0660698
0.151016 0.123457 0.653417 0.0720104 9.9991E-05
0.144874 0.13208 0.706427 9.9991E-05 0.0165191
0.651225 0.111796 0.140773 0.0493231 0.0468833
0.867842 9.9991E-05 0.0517093 0.0255321 0.0548168
0.857018 0.0602401 0.0277011 0.0189149 0.0361254
0.808858 0.0637289 0.0486721 9.9991E-05 0.0786415
0.827272 9.9991E-05 0.106466 0.0123015 0.0538599
0.870159 0.00389595 0.0630496 9.9991E-05 0.0627953
0.0379013 0.264708 0.697191 9.9982E-05 9.9982E-05
9.9982E-05 0.107727 0.647333 0.24474 9.9982E-05
9.9982E-05 0.266769 0.495331 0.2377 9.9982E-05
0.00244359 0.289221 0.665929 0.0423068 9.9991E-05
0.0330362 0.372944 0.531949 0.0619705 9.9991E-05
9.9982E-05 0.197729 0.657075 0.144996 9.9982E-05
9.9991E-05 0.20372 0.752745 0.0410604 0.00237438
9.9982E-05 0.265586 0.546476 0.187738 9.9982E-05
9.9982E-05 0.0708839 0.473032 0.455884 9.9982E-05
9.9982E-05 0.303352 0.581388 0.11506 9.9982E-05
9.9973E-05 0.330611 0.669089 9.9973E-05 9.9973E-05
0.0116176 0.354428 0.607272 0.015954 0.010729
0.790049 0.0238825 0.0280258 0.00672866 0.151314
0.646226 9.9982E-05 9.9982E-05 0.000469676 0.353104
0.820088 0.0472935 0.0283912 0.00682219 0.097405
0.191155 9.99819E-05 0.0285308 9.99819E-05 0.780115
0.811595 9.9991E-05 0.00460791 0.0207681 0.162929
0.559493 0.0016494 0.125787 9.9991E-05 0.31297
0.351292 9.9991E-05 0.0277674 0.0493313 0.57151
0.518644 9.9973E-05 9.9973E-05 9.9973E-05 0.481056
9.997E-05 9.997E-05 9.997E-05 9.997E-05 0.9996
0.406787 9.9991E-05 0.0272967 0.0694237 0.496392
0.801987 9.9991E-05 0.0146086 0.00878535 0.174519
0.729802 0.00142615 0.000959632 9.9991E-05 0.267712
