0.0852258 0.617807 0.296967
0.0955746 0.759936 0.144489
0.122944 0.65954 0.217516
0.264884 0.733528 0.00158804
0.110717 0.647248 0.242035
0.122707 0.767461 0.109832
0.0931872 0.796826 0.109986
9.999E-05 0.267459 0.732441
9.9991E-05 0.390879 0.609021
9.9991E-05 0.103205 0.896695
9.9991E-05 0.22607 0.77383
9.9991E-05 0.222556 0.777344
9.9991E-05 0.274657 0.725243
9.9991E-05 0.139546 0.860354
9.9991E-05 0.212661 0.787239
9.9991E-05 0.336432 0.663468
9.9991E-05 0.121317 0.878583
9.9991E-05 0.310059 0.689841
9.9991E-05 0.159604 0.840296
9.9991E-05 0.424828 0.575072
9.9991E-05 0.248347 0.751553
9.9991E-05 0.293005 0.706895
9.9991E-05 0.231978 0.767922
9.9991E-05 0.305628 0.694273
9.9991E-05 0.278347 0.721553
9.9991E-05 0.264899 0.735001
9.9991E-05 0.264874 0.735026
9.9991E-05 0.113474 0.886426
9.9991E-05 0.408112 0.591788
0.107908 0.834252 0.0578396
0.133417 0.833925 0.0326583
0.117848 0.757284 0.124868
0.0294314 0.453587 0.516981
0.101617 0.736853 0.16153
0.00680301 0.291199 0.701998
9.9991E-05 0.424926 0.574974
0.745667 9.9991E-05 0.254233
9.9991E-05 0.295761 0.704139
9.9991E-05 0.341694 0.658206
0.0044476 0.430732 0.564821
0.0607005 0.446844 0.492456
0.142629 0.792829 0.0645416
0.0990304 0.793736 0.107234
9.9991E-05 0.268388 0.731512
9.9991E-05 0.199779 0.800121
9.9991E-05 0.172851 0.827049
9.9991E-05 0.250826 0.749074
9.9991E-05 0.305968 0.693932
9.9991E-05 0.247724 0.752176
9.9991E-05 0.21533 0.78457
9.9991E-05 0.154346 0.845555
9.9991E-05 0.28062 0.71928
9.9991E-05 0.242576 0.757324
9.9991E-05 0.16608 0.83382
0.436094 0.563806 9.9991E-05
0.548226 0.451674 9.9991E-05
0.423421 0.576479 9.9991E-05
0.255794 0.744106 9.9991E-05
0.281079 0.718821 9.9991E-05
0.599658 0.399196 0.00114623
0.273836 0.726064 9.9991E-05
0.253481 0.746419 9.9991E-05
0.118848 0.574548 0.306605
0.414724 0.585176 9.9991E-05
0.112234 0.832212 0.055554
0.165158 0.832672 0.0021694
0.193733 0.806167 9.9991E-05
0.220386 0.779514 9.9991E-05
0.169449 0.830451 9.99989E-05
0.308555 0.691345 9.9991E-05
0.237848 0.762052 9.9991E-05
0.362562 0.637338 9.9991E-05
0.404013 0.595887 9.9991E-05
0.231555 0.768345 9.9991E-05
0.393452 0.606448 9.9991E-05
0.452891 0.547009 9.9991E-05
0.11449 0.782394 0.103115
0.192022 0.807878 9.9991E-05
0.359875 0.640025 9.9991E-05
0.189475 0.80831 0.00221487
0.214077 0.785823 9.9991E-05
0.121235 0.79411 0.0846544
0.222734 0.777166 9.9991E-05
0.204774 0.795126 9.9991E-05
0.174338 0.820653 0.00500867
0.0412406 9.9991E-05 0.958659
0.0364763 9.9991E-05 0.963424
0.0271755 9.9991E-05 0.972725
0.0134489 9.9991E-05 0.986451
9.9991E-05 0.116496 0.883404
0.0184231 0.0399256 0.941651
9.9991E-05 0.0906697 0.90923
0.310493 0.689407 9.9991E-05
0.478877 0.521023 9.9991E-05
0.316752 0.683148 9.9991E-05
0.234074 0.765826 9.9991E-05
0.259678 0.740222 9.9991E-05
0.14059 0.847312 0.0120975
0.290004 0.709896 9.9991E-05
0.138145 0.838637 0.0232182
0.379729 0.620171 9.9991E-05
0.294034 0.705866 9.9991E-05
0.0672266 9.9991E-05 0.932673
0.00373057 0.144115 0.852154
9.9991E-05 0.157102 0.842798
9.9991E-05 0.207474 0.792426
0.0328326 0.162935 0.804233
9.9991E-05 0.16346 0.83644
0.137643 9.9991E-05 0.862257
0.31733 0.68257 9.9991E-05
9.9991E-05 0.228141 0.771759
0.0631559 0.221683 0.715161
0.0501105 0.038537 0.911353
0.0696371 0.0843536 0.846009
0.0274703 0.200248 0.772282
0.11867 9.9991E-05 0.88123
0.133231 9.9991E-05 0.866669
0.0144419 0.182056 0.803502
0.0688218 0.0484181 0.88276
0.0940918 9.9991E-05 0.905808
0.00521101 0.0516378 0.943151
0.0824569 9.9991E-05 0.917443
0.0291467 0.0296909 0.941162
0.0545354 9.9991E-05 0.945365
9.9991E-05 0.177845 0.822055
9.9991E-05 0.290055 0.709845
0.497211 9.9991E-05 0.502689
0.110204 9.9991E-05 0.889696
0.243239 9.9991E-05 0.756661
0.212795 0.631924 0.155282
0.171246 9.9991E-05 0.828654
0.100347 0.434115 0.465538
0.0508232 0.364463 0.584714
9.9991E-05 0.199754 0.800146
0.0921837 0.158644 0.749172
9.9991E-05 0.288168 0.711732
0.0247233 0.105847 0.86943
0.271141 0.139405 0.589454
0.214939 0.784961 9.9991E-05
0.0201408 0.244903 0.734956
0.0272009 0.164974 0.807825
0.291249 0.708651 9.9991E-05
0.33342 0.66648 9.9991E-05
0.187533 0.812367 9.9991E-05
0.109022 0.85762 0.033358
0.355689 0.644211 9.9991E-05
0.106472 0.812129 0.0813998
0.162214 0.837686 9.9991E-05
0.272503 0.727397 9.9991E-05
0.234029 0.765871 9.9991E-05
0.138968 0.8242 0.0368322
0.138506 0.828662 0.0328322
0.156698 0.821494 0.021808
0.209335 0.790565 9.9991E-05
0.134796 0.858494 0.0067104
0.102924 0.788097 0.108979
0.702467 0.297433 9.9991E-05
0.546494 0.453406 9.9991E-05
0.627286 0.372614 9.9991E-05
0.261231 0.738669 9.9991E-05
0.428162 0.571738 9.9991E-05
0.456741 0.543159 9.9991E-05
0.381461 0.618439 9.9991E-05
0.185604 0.814296 9.9991E-05
0.0961227 0.818044 0.0858336
0.102387 0.666851 0.230763
0.0973766 0.737579 0.165044
0.65885 0.34105 9.9991E-05
0.0705276 0.803219 0.126253
0.0332717 0.517853 0.448876
9.9991E-05 0.355938 0.643962
9.9991E-05 0.389542 0.610358
0.0836728 0.699076 0.217251
0.123057 0.846741 0.030202
0.0954817 0.850268 0.0542501
0.114312 0.833879 0.0518087
0.106291 0.847385 0.0463241
0.127092 0.862394 0.0105143
9.9991E-05 0.266705 0.733195
0.000945943 0.116066 0.882988
0.00368023 0.102672 0.893648
9.9991E-05 0.221544 0.778356
9.9991E-05 0.234531 0.765369
9.9991E-05 0.181459 0.818441
9.9991E-05 0.251255 0.748645
9.9991E-05 0.153716 0.846184
0.0736223 9.9991E-05 0.926278
9.9991E-05 0.18001 0.81989
9.9991E-05 0.219865 0.780035
9.9991E-05 0.246164 0.753736
0.175773 0.820929 0.00329817
0.32081 0.67909 9.9991E-05
0.1321 0.844503 0.0233962
0.536143 0.463757 9.9991E-05
0.194076 0.805824 9.9991E-05
0.23958 0.735529 0.0248909
0.473849 0.526051 9.9991E-05
0.3984 0.6015 9.9991E-05
0.775629 0.224271 9.99909E-05
0.430681 0.548305 0.0210132
0.206018 0.793882 9.9991E-05
0.263519 0.736381 9.9991E-05
