0.0692327 0.293393 0.0757518 0.561623
0.0532069 0.157424 0.0436619 0.745707
0.126017 0.25143 0.0495137 0.57304
0.25701 0.0181118 0.0327921 0.692086
0.0685058 0.2131 0.090204 0.62819
0.0757184 0.130049 0.0219015 0.772331
0.0452393 0.101681 0.060812 0.792267
0.0215432 0.847477 0.070219 0.0607611
0.0599861 0.751719 0.0242862 0.164009
9.9982E-05 0.736204 0.263596 9.9982E-05
9.9991E-05 0.85905 0.0888785 0.0519717
0.0328467 0.783868 0.153685 0.0296009
0.0236908 0.885714 0.0253259 0.0652699
9.9982E-05 0.81598 0.18382 9.9982E-05
0.0122551 0.855849 0.11101 0.0208866
0.0280655 0.765996 0.0749043 0.131034
9.9982E-05 0.675505 0.324295 9.9982E-05
9.9991E-05 0.701495 0.131593 0.166812
9.9991E-05 0.733097 0.246899 0.0199045
0.0796529 0.696155 0.0433901 0.180802
9.9991E-05 0.748971 0.159002 0.0919263
0.0313919 0.758091 0.0976966 0.112821
9.9991E-05 0.779192 0.153247 0.0674613
9.9991E-05 0.682456 0.157275 0.160168
9.9991E-05 0.725216 0.155312 0.119372
0.00388763 0.762038 0.126918 0.107156
0.0121941 0.77139 0.134657 0.0817592
9.9982E-05 0.709025 0.290775 9.9982E-05
0.047033 0.665761 0.0703963 0.21681
0.047936 0.0689641 0.0300279 0.853072
0.0995731 0.0654667 0.0134905 0.82147
0.0624347 0.121034 0.0588077 0.757723
0.0780137 0.552711 0.0742021 0.295073
0.0516671 0.174527 0.0498793 0.723927
9.9991E-05 0.500184 0.308793 0.190923
0.0601469 0.651067 0.0688992 0.219887
0.567606 9.9982E-05 0.432194 9.9982E-05
0.0271709 0.759088 0.111369 0.102372
0.0360498 0.733292 0.0892633 0.141395
0.0503807 0.630754 0.0714678 0.247397
0.112799 0.565469 0.0613215 0.260411
0.12313 0.0853811 0.0198169 0.771672
0.0727738 0.123431 0.0393936 0.764401
0.060163 0.939637 9.9982E-05 9.9982E-05
0.0126738 0.946107 0.0411192 9.9991E-05
0.0221394 0.841894 0.135866 9.9991E-05
0.0387562 0.909223 0.0388844 0.0131368
0.0556669 0.88004 0.00733446 0.0569587
0.0444849 0.928565 0.0268503 9.9991E-05
0.0168424 0.920167 0.062891 9.9991E-05
9.9982E-05 0.8834 0.1164 9.9982E-05
0.0630244 0.899409 0.00624179 0.0313253
0.022692 0.977108 9.9982E-05 9.9982E-05
9.9982E-05 0.884278 0.115523 9.9982E-05
0.533525 9.9982E-05 9.9982E-05 0.466275
0.677975 0.0208891 0.00465416 0.296482
0.503151 9.9982E-05 9.9982E-05 0.496649
0.256237 0.00724442 9.9991E-05 0.736419
0.306678 0.041324 0.00564562 0.646353
0.839016 0.116192 9.9991E-05 0.0446918
0.293265 9.9982E-05 9.9982E-05 0.706535
0.22185 9.9991E-05 0.0300735 0.747977
0.0785788 0.260012 0.119242 0.542167
0.499387 9.9982E-05 9.9982E-05 0.500413
0.0775204 0.0898147 0.0163374 0.816327
0.133123 0.0313855 0.00835607 0.827135
0.163133 0.0146295 0.0231227 0.799114
0.199026 0.0026059 0.02267 0.775698
0.144043 0.0398061 0.00589066 0.81026
0.344425 9.9982E-05 9.9982E-05 0.655375
0.251098 0.00910391 9.9991E-05 0.739698
0.440803 9.9982E-05 9.9982E-05 0.558997
0.48961 9.9982E-05 9.9982E-05 0.51019
0.222149 0.0261928 0.0112832 0.740375
0.481109 9.9982E-05 9.9982E-05 0.518691
0.582786 9.9982E-05 9.9982E-05 0.417014
0.0714233 0.0986975 0.0401985 0.789681
0.159517 9.9991E-05 0.00612881 0.834254
0.417847 0.00409287 9.9991E-05 0.577961
0.192452 0.0525932 9.9991E-05 0.754855
0.183807 9.9991E-05 0.0179778 0.798115
0.097882 0.113561 0.0229399 0.765617
0.211584 9.9982E-05 9.9982E-05 0.788216
0.182296 0.00903071 0.00744648 0.801227
0.142331 0.0254069 0.0182231 0.814039
9.9982E-05 0.398768 0.601032 9.9982E-05
9.9982E-05 0.48758 0.51222 9.9982E-05
9.99819E-05 0.436765 0.563035 9.99819E-05
9.99819E-05 0.489429 0.510371 9.99819E-05
9.9982E-05 0.675669 0.324131 9.9982E-05
9.9982E-05 0.610764 0.389036 9.9982E-05
9.9982E-05 0.877934 0.121866 9.9982E-05
0.337719 9.9982E-05 9.9982E-05 0.662081
0.594339 9.9982E-05 9.9982E-05 0.405461
0.352928 9.9982E-05 9.9982E-05 0.646872
0.234789 9.9982E-05 9.9982E-05 0.765011
0.290547 9.9982E-05 9.9982E-05 0.709253
0.131757 0.0641397 0.00793343 0.79617
0.311343 9.9982E-05 9.9982E-05 0.688457
0.0971919 0.0702649 9.9991E-05 0.832443
0.437143 9.9982E-05 9.9982E-05 0.562657
0.338871 9.9982E-05 9.9982E-05 0.660929
9.9982E-05 0.366188 0.633612 9.9982E-05
9.9991E-05 0.622757 0.346571 0.0305723
9.9991E-05 0.787226 0.211448 0.00122606
9.9991E-05 0.706825 0.22242 0.0706552
9.9991E-05 0.555809 0.351802 0.0922892
9.9991E-05 0.615553 0.339457 0.0448899
9.9982E-05 9.9982E-05 0.970412 0.0293881
0.338132 9.9991E-05 0.0404664 0.621301
9.9991E-05 0.617652 0.276336 0.105912
0.0545464 0.60332 0.242655 0.0994793
9.9991E-05 0.466835 0.52321 0.00985464
9.9991E-05 0.39848 0.517256 0.0841634
9.9991E-05 0.502167 0.363984 0.133749
9.9991E-05 0.109244 0.867908 0.0227481
9.9991E-05 0.0760083 0.902486 0.0214055
9.9991E-05 0.607671 0.314358 0.0778708
9.9991E-05 0.500173 0.478435 0.0212922
9.9982E-05 0.158466 0.841334 9.9982E-05
9.9982E-05 0.613224 0.386576 9.9982E-05
9.9982E-05 0.0810534 0.918747 9.9982E-05
9.9982E-05 0.588949 0.410851 9.9982E-05
9.99819E-05 0.253973 0.745827 9.99819E-05
9.9991E-05 0.837949 0.156679 0.00527189
0.0212436 0.778766 0.0892296 0.110761
0.312602 9.9982E-05 0.687198 9.9982E-05
9.9982E-05 0.209667 0.790133 9.9982E-05
0.103565 9.9982E-05 0.896235 9.9982E-05
0.120577 0.0175301 0.168255 0.693638
0.0119532 9.9991E-05 0.937462 0.0504846
0.0339591 0.334166 0.206783 0.425092
0.0418509 0.494217 0.192354 0.271578
0.00271703 0.85343 0.117642 0.0262116
9.9991E-05 0.375779 0.445222 0.178899
0.000512572 0.751724 0.121929 0.125834
9.9991E-05 0.514152 0.438289 0.0474594
0.133807 0.127089 0.501398 0.237706
0.186398 0.0151226 0.0122492 0.78623
0.0131633 0.609168 0.24442 0.133249
9.9991E-05 0.570484 0.349375 0.0800409
0.31981 9.9982E-05 9.9982E-05 0.67999
0.384247 9.9982E-05 9.9982E-05 0.615553
0.157335 9.9991E-05 0.014942 0.827623
0.0964949 0.070303 0.0110108 0.822191
0.425552 9.9982E-05 9.9982E-05 0.574248
0.0507584 0.102459 0.0325868 0.814195
0.147412 0.037444 0.00353336 0.811611
0.27932 9.9982E-05 9.9982E-05 0.72048
0.238316 9.9982E-05 9.9982E-05 0.761484
0.0989877 0.059028 0.0257646 0.81622
0.0936639 0.0512021 0.0252502 0.829884
0.150287 0.0709944 9.9991E-05 0.778619
0.197434 0.00568161 9.9991E-05 0.796784
0.116858 0.0552922 0.000335254 0.827515
0.0778465 0.135624 0.0313709 0.755158
0.934602 0.010467 9.9991E-05 0.0548312
0.691779 0.0118224 0.0126256 0.283774
0.839913 9.9982E-05 9.9982E-05 0.159887
0.261961 9.9982E-05 9.9982E-05 0.737839
0.498836 9.9982E-05 9.9982E-05 0.500964
0.58022 0.0117725 9.9991E-05 0.407908
0.448259 9.9982E-05 9.9982E-05 0.551541
0.159969 0.0242813 0.0230134 0.792736
0.0344678 0.0831055 0.0353161 0.847111
0.0668307 0.198913 0.0984778 0.635778
0.0670031 0.173172 0.0548823 0.704942
0.897078 0.00835225 9.9991E-05 0.0944696
0.0335483 0.136444 0.0408573 0.78915
0.0510164 0.484776 0.0785431 0.385665
9.9991E-05 0.595367 0.176741 0.227791
0.0135271 0.661274 0.0862484 0.238951
0.0745518 0.249586 0.0373932 0.638469
0.0528022 0.0227747 0.0359069 0.888516
0.0361779 0.0641834 0.0273792 0.87226
0.0714663 0.0796002 0.0103915 0.838542
0.0601201 0.0758342 0.031929 0.832117
0.0815627 0.0466589 0.00226434 0.869514
0.00592131 0.825251 0.086093 0.0827347
9.9991E-05 0.620147 0.37086 0.00889348
9.9982E-05 0.657764 0.342036 9.9982E-05
9.9991E-05 0.785552 0.152317 0.0620314
0.0143998 0.78597 0.145262 0.0543684
9.9991E-05 0.697134 0.260303 0.0424628
9.9991E-05 0.760647 0.149859 0.0893943
9.9991E-05 0.683202 0.295341 0.0213569
9.9982E-05 0.436167 0.563633 9.9982E-05
9.9991E-05 0.760951 0.209856 0.0290934
0.00425676 0.863859 0.099404 0.03248
0.0125894 0.824361 0.106136 0.0569134
0.146099 0.0531962 0.00252136 0.798183
0.357391 9.9982E-05 9.9982E-05 0.642409
0.0943179 0.0324523 0.0312843 0.841946
0.789928 0.0358378 9.9991E-05 0.174134
0.163566 9.9991E-05 0.0224232 0.813911
0.360662 0.115223 9.9991E-05 0.524015
0.553364 9.9991E-05 0.0667471 0.379789
0.475614 9.9982E-05 9.9982E-05 0.524187
0.9997 9.998E-05 9.998E-05 9.998E-05
0.480885 9.9991E-05 0.0795968 0.439419
0.176906 0.00507089 0.0158155 0.802208
0.285569 9.9982E-05 9.9982E-05 0.714231
