0.0172366 0.426523 0.0728171 0.197555 0.164269 9.9991E-05 0.121499
0.0438799 0.622968 9.9982E-05 0.120619 0.00423071 9.9982E-05 0.208102
0.0658243 0.696726 0.048218 0.163999 9.9982E-05 0.0250326 9.9982E-05
0.0254614 0.383578 0.162013 0.00519637 9.9991E-05 0.0564593 0.367192
0.0148313 0.0868631 9.9991E-05 0.188304 0.131261 0.0153967 0.563243
0.0144706 0.790478 0.0766171 0.0585869 0.0514408 0.00830629 9.9991E-05
0.0366528 0.816962 0.0104864 0.0326942 0.0465542 9.9991E-05 0.0565507
0.059043 0.116573 0.00357542 0.819401 0.00120805 9.9982E-05 9.9982E-05
0.0284509 0.140353 0.0150181 0.67719 0.0591861 0.00246163 0.0773409
0.253439 9.9955E-05 9.9955E-05 0.746061 9.9955E-05 9.9955E-05 9.9955E-05
0.0586011 0.0286481 9.9982E-05 0.82951 0.0596644 9.9982E-05 0.0233765
0.131383 9.9982E-05 9.9982E-05 0.788097 0.000374577 0.00881172 0.0711345
0.00869932 0.0138343 0.00769005 0.840651 0.0502183 9.9991E-05 0.0788072
0.162694 9.9955E-05 9.9955E-05 0.836806 9.9955E-05 9.9955E-05 9.9955E-05
0.0335982 9.9982E-05 0.0149475 0.762154 0.18192 9.9982E-05 0.00718091
9.9973E-05 0.128061 0.0267031 0.611267 0.233669 9.9973E-05 9.9973E-05
0.237571 9.99639E-05 9.99639E-05 0.583496 0.178532 9.99639E-05 9.99639E-05
0.0809166 0.150167 9.9982E-05 0.658459 0.0897101 9.9982E-05 0.0205475
0.151631 9.9964E-05 9.9964E-05 0.631969 0.216 9.9964E-05 9.9964E-05
9.9982E-05 0.159111 0.0280578 0.520778 0.220656 9.9982E-05 0.0711979
0.0531206 0.068418 9.9973E-05 0.586184 0.291977 9.9973E-05 9.9973E-05
9.9982E-05 0.0630995 0.0141745 0.588373 0.292821 9.9982E-05 0.0413327
0.0766902 0.0445779 9.9982E-05 0.65971 0.204678 9.9982E-05 0.0141439
9.9973E-05 0.0774649 9.9973E-05 0.47479 0.413008 9.9973E-05 0.0344381
9.9973E-05 0.0674744 0.00202881 0.471281 0.458916 9.9973E-05 9.9973E-05
9.99639E-05 9.99639E-05 9.99639E-05 0.527434 0.404209 9.99639E-05 0.0679568
0.0607524 0.0264576 9.9982E-05 0.652433 0.186836 9.9982E-05 0.073321
0.175611 9.99639E-05 9.99639E-05 0.535516 0.288474 9.99639E-05 9.99639E-05
0.00888012 0.216786 0.026323 0.539313 0.192782 9.9991E-05 0.0158159
9.9982E-05 0.659707 9.9982E-05 0.0357453 0.0403687 0.00853535 0.255444
0.00301411 0.479557 0.0347128 0.0596511 9.9991E-05 0.00176757 0.421198
0.0318506 0.684624 9.9991E-05 0.0920871 0.0203284 0.0319312 0.139078
9.9982E-05 0.215034 9.9982E-05 0.391043 0.256771 0.0412512 0.0956999
0.0330087 0.583559 0.0268803 0.125343 0.0422274 9.9991E-05 0.188882
9.99639E-05 0.00855583 9.99639E-05 9.99639E-05 0.969904 9.99639E-05 0.0211401
9.9982E-05 0.1613 0.0454368 0.478103 0.249072 9.9982E-05 0.0658889
0.427358 9.99551E-05 9.99551E-05 9.99551E-05 9.99551E-05 0.572142 9.99551E-05
0.0144821 0.0833678 0.0102776 0.634279 0.234333 0.0191503 0.00411021
9.9973E-05 0.137485 0.0337558 0.585077 0.243383 9.9973E-05 9.9973E-05
9.999E-05 0.203655 0.0178769 0.456147 0.265069 0.00865653 0.0484959
9.9991E-05 0.0807274 0.0149217 0.392453 0.243418 0.0348276 0.233552
0.0011486 0.601927 0.0827887 0.090385 9.9991E-05 0.0159668 0.207684
0.0308614 0.755239 0.0250924 0.0849735 0.00595444 9.9991E-05 0.0977791
9.9982E-05 0.00699779 0.0481841 0.931139 9.9982E-05 0.00695349 0.00652544
0.0337525 9.9973E-05 0.0135839 0.945079 9.9973E-05 0.00728488 9.9973E-05
0.12135 9.9973E-05 0.00146036 0.856722 9.9973E-05 0.020167 9.9973E-05
9.9982E-05 0.0422334 9.9982E-05 0.782698 0.157022 0.0155818 0.00226434
9.999E-05 0.0213386 0.0350284 0.843569 0.0351319 0.0073022 0.0575304
9.9982E-05 0.0256938 9.9982E-05 0.812811 0.137876 0.0119051 0.0115139
0.0457755 9.9991E-05 0.000710397 0.903331 0.0136831 0.00561553 0.0307845
0.103621 9.9955E-05 9.9955E-05 0.895879 9.9955E-05 9.9955E-05 9.9955E-05
0.0140307 0.0222201 0.00843805 0.870791 0.00266274 0.0197137 0.0621438
9.9955E-05 9.9955E-05 0.0379574 0.961543 9.9955E-05 9.9955E-05 9.9955E-05
0.089682 9.9955E-05 9.9955E-05 0.909818 9.9955E-05 9.9955E-05 9.9955E-05
9.99639E-05 0.301883 0.671333 9.99639E-05 9.99639E-05 0.0263847 9.99639E-05
9.9973E-05 9.9973E-05 0.618999 9.9973E-05 0.0353061 0.13745 0.207945
9.9973E-05 0.283055 0.694845 0.0162019 9.9973E-05 0.00559876 9.9973E-05
9.9973E-05 0.593395 0.26071 9.9973E-05 9.9973E-05 0.0425446 0.10305
9.9973E-05 0.675346 0.225865 9.9973E-05 0.00504175 0.093447 9.9973E-05
0.0466796 9.9982E-05 0.784137 0.0397003 0.00294387 0.126339 9.9982E-05
9.9973E-05 0.41453 0.240092 9.9973E-05 9.9973E-05 0.0609213 0.284156
0.0224571 0.504549 0.284204 9.9973E-05 9.9973E-05 9.9973E-05 0.18849
0.0759025 0.299208 0.0444663 0.20792 0.0977283 0.00540755 0.269368
9.9964E-05 0.348679 0.60612 9.9964E-05 9.9964E-05 0.044801 9.9964E-05
0.00490804 0.846458 0.0530412 0.00636981 0.0429579 9.9991E-05 0.0461649
0.00770386 0.678626 0.0647659 9.9982E-05 9.9982E-05 0.0123719 0.236332
0.0181327 0.688989 0.213092 9.9973E-05 9.9973E-05 9.9973E-05 0.0794866
0.00262159 0.366065 0.106528 0.0105315 9.9991E-05 0.0413029 0.472851
9.9991E-05 0.282009 0.0508089 0.00495578 0.0464941 0.004675 0.610957
9.99549E-05 0.527114 0.472386 9.99549E-05 9.99549E-05 9.99549E-05 9.99549E-05
9.9973E-05 9.9973E-05 0.0394252 9.9973E-05 0.0199756 0.0200426 0.920257
9.9973E-05 0.452914 0.481063 9.9973E-05 9.9973E-05 0.0624943 0.00322876
9.99729E-05 0.0975616 0.506268 9.99729E-05 9.99729E-05 0.0407174 0.355153
9.9982E-05 0.22162 0.166697 0.0482314 9.9982E-05 0.0105066 0.552745
9.9964E-05 9.9964E-05 0.392563 9.9964E-05 9.9964E-05 0.0553367 0.5517
9.99639E-05 9.99639E-05 0.438081 9.99639E-05 9.99639E-05 0.118621 0.442898
9.99765E-05 0.460733 9.99765E-05 0.0630028 0.0790202 9.99765E-05 0.396944
9.9964E-05 0.677223 0.203721 9.9964E-05 9.9964E-05 9.9964E-05 0.118657
9.9982E-05 0.107565 0.387024 0.0212291 9.9982E-05 0.0401693 0.443812
9.9964E-05 0.73474 0.239309 0.025551 9.9964E-05 9.9964E-05 9.9964E-05
9.9973E-05 0.647501 0.175819 9.9973E-05 9.9973E-05 0.00989399 0.166486
0.00100536 0.460615 0.00555697 0.0814874 0.036141 0.013536 0.401659
9.9964E-05 0.729485 0.265646 9.9964E-05 9.9964E-05 0.00446976 9.9964E-05
9.9973E-05 0.675145 0.178836 9.9973E-05 9.9973E-05 0.025999 0.11972
9.9973E-05 0.758087 0.185832 0.0201757 9.9973E-05 9.9973E-05 0.0356051
0.568287 9.99549E-05 9.99549E-05 0.431213 9.99549E-05 9.99549E-05 9.99549E-05
0.485325 9.99549E-05 9.99549E-05 0.514175 9.99549E-05 9.99549E-05 9.99549E-05
0.530059 9.99548E-05 9.99548E-05 0.469441 9.99548E-05 9.99548E-05 9.99548E-05
0.47686 9.99549E-05 9.99549E-05 0.52264 9.99549E-05 9.99549E-05 9.99549E-05
0.284102 0.00129662 9.9973E-05 0.669059 0.0452422 9.9973E-05 9.9973E-05
0.370752 9.99549E-05 9.99549E-05 0.628748 9.99549E-05 9.99549E-05 9.99549E-05
0.106253 9.99549E-05 9.99549E-05 0.893247 9.99549E-05 9.99549E-05 9.99549E-05
9.9973E-05 0.20214 0.247839 9.9973E-05 9.9973E-05 0.049934 0.499786
9.9964E-05 9.9964E-05 0.525513 9.9964E-05 9.9964E-05 0.0741145 0.399972
9.9973E-05 0.0343777 0.150329 9.9973E-05 9.9973E-05 0.0848529 0.73014
9.9973E-05 0.320249 0.135983 9.9973E-05 9.9973E-05 0.0326166 0.510852
9.9973E-05 0.200863 0.215882 9.9973E-05 9.9973E-05 0.0310866 0.551869
9.9973E-05 0.16739 9.9973E-05 0.0657428 9.9973E-05 0.00725049 0.759317
9.9973E-05 0.289296 0.257951 9.9973E-05 9.9973E-05 0.0457826 0.406671
9.9982E-05 0.588424 0.0445111 0.0529232 9.9982E-05 0.00301732 0.310925
9.9964E-05 9.9964E-05 0.300148 9.9964E-05 9.9964E-05 0.044941 0.654511
9.9973E-05 0.391785 0.276142 9.9973E-05 9.9973E-05 0.0744016 0.257371
0.613468 9.99549E-05 9.99549E-05 0.386033 9.99549E-05 9.99549E-05 9.99549E-05
0.176928 9.99639E-05 9.99639E-05 0.417565 0.405107 9.99639E-05 9.99639E-05
0.114669 9.9964E-05 9.9964E-05 0.663031 0.2219 9.9964E-05 9.9964E-05
0.134282 0.0649903 9.9973E-05 0.605207 0.195221 9.9973E-05 9.9973E-05
0.128114 9.9973E-05 9.9973E-05 0.355404 0.489842 9.9973E-05 0.0263404
0.119629 9.99639E-05 9.99639E-05 0.363099 0.516872 9.99639E-05 9.99639E-05
0.891734 0.0131127 9.99729E-05 9.99729E-05 0.0750567 9.99729E-05 0.019797
9.9982E-05 0.253167 0.380522 9.9982E-05 0.0648213 0.0360306 0.265259
0.148467 0.0789349 9.9982E-05 0.486685 0.284344 0.0013688 9.9982E-05
0.117851 0.0857008 9.9982E-05 0.438105 0.301708 0.0564352 9.9982E-05
0.377711 9.99639E-05 9.99639E-05 0.326535 0.295354 9.99639E-05 9.99639E-05
0.0093957 9.99549E-05 9.99549E-05 9.99549E-05 0.990105 9.99549E-05 9.99549E-05
0.118688 0.0454421 9.9982E-05 0.244559 0.585126 9.9982E-05 0.00598529
0.602534 9.99549E-05 9.99549E-05 9.99549E-05 0.396966 9.99549E-05 9.99549E-05
0.666039 9.99549E-05 9.99549E-05 9.99549E-05 0.333462 9.99549E-05 9.99549E-05
0.102289 9.9973E-05 9.9973E-05 0.384105 0.497786 9.9973E-05 0.0155197
0.341645 9.9964E-05 9.9964E-05 0.379597 0.278358 9.9964E-05 9.9964E-05
0.809179 9.99549E-05 9.99549E-05 0.190321 9.99549E-05 9.99549E-05 9.99549E-05
0.340063 9.99639E-05 9.99639E-05 0.606322 0.0532157 9.99639E-05 9.99639E-05
0.86637 9.99549E-05 9.99549E-05 0.13313 9.99549E-05 9.99549E-05 9.99549E-05
0.380787 9.99549E-05 9.99549E-05 0.618713 9.99549E-05 9.99549E-05 9.99549E-05
0.698687 9.99549E-05 9.99549E-05 0.300813 9.99549E-05 9.99549E-05 9.99549E-05
0.104369 9.9973E-05 9.9973E-05 0.769176 0.114235 9.9973E-05 0.0119193
0.0255338 0.0226065 9.9991E-05 0.698633 0.150832 0.00221747 0.100077
0.686988 9.9964E-05 0.139022 9.9964E-05 9.9964E-05 0.17359 9.9964E-05
0.581641 9.99639E-05 9.99639E-05 0.0475363 0.370423 9.99639E-05 9.99639E-05
0.883536 9.9973E-05 0.037598 9.9973E-05 9.9973E-05 0.0503642 0.0282021
0.0346665 0.608249 0.183116 9.9982E-05 0.165556 0.00821278 9.9982E-05
0.672314 9.99639E-05 0.0118193 9.99639E-05 0.315466 9.99639E-05 9.99639E-05
9.9973E-05 0.352515 9.9973E-05 0.11171 0.480992 0.0544832 9.9973E-05
9.9991E-05 0.0853612 0.00971572 0.194959 0.574904 0.0113457 0.123615
0.0574634 0.0209932 9.9982E-05 0.755036 0.163023 9.9982E-05 0.00328458
0.243459 0.115011 0.00280331 0.227559 0.410459 9.9991E-05 0.000609833
9.9973E-05 0.0590099 9.9973E-05 0.561 0.350077 9.9973E-05 0.0296133
0.256405 9.99639E-05 9.99639E-05 0.338779 0.404416 9.99639E-05 9.99639E-05
0.0652563 9.9973E-05 0.158206 9.9973E-05 0.714187 0.0620511 9.9973E-05
9.9982E-05 0.569925 0.171511 0.00296257 9.9982E-05 0.0231913 0.232209
0.01455 0.033557 0.00955949 0.363543 0.549115 0.00433491 0.0253413
0.168477 0.0375948 9.9973E-05 0.380214 0.413414 9.9973E-05 9.9973E-05
9.9973E-05 0.0770315 0.186255 9.9973E-05 9.9973E-05 0.0408919 0.695522
9.9964E-05 0.0843737 0.399969 9.9964E-05 9.9964E-05 9.9964E-05 0.515258
9.9973E-05 0.103007 0.00793878 0.0244747 9.9973E-05 9.9973E-05 0.86428
0.00825942 0.388838 9.9973E-05 0.0584863 9.9973E-05 9.9973E-05 0.544116
9.9973E-05 0.0252269 0.355556 9.9973E-05 9.9973E-05 0.0404931 0.578424
0.00164492 0.493114 0.0399393 0.106082 0.018264 9.9991E-05 0.340856
9.9973E-05 0.676655 0.160868 0.0131983 9.9973E-05 9.9973E-05 0.148979
9.9964E-05 9.9964E-05 0.0842721 9.9964E-05 9.9964E-05 0.0136537 0.901674
9.9973E-05 0.31203 0.15055 9.9973E-05 9.9973E-05 0.0413329 0.495787
9.9955E-05 9.9955E-05 9.9955E-05 0.106176 9.9955E-05 9.9955E-05 0.893325
0.028762 0.894651 0.067102 9.9973E-05 9.9973E-05 0.00918559 9.9973E-05
9.9991E-05 0.450744 0.0203897 0.0374028 0.00604948 0.0326233 0.452691
9.9973E-05 0.469161 0.211411 0.00871852 9.9973E-05 9.9973E-05 0.31041
9.9973E-05 0.386433 0.038999 0.0520296 9.9973E-05 9.9973E-05 0.522238
0.0250559 0.638049 9.9982E-05 0.0887588 0.0198842 9.9982E-05 0.228052
9.99549E-05 9.99549E-05 0.942242 9.99549E-05 9.99549E-05 0.0572581 9.99549E-05
9.9982E-05 0.0308542 0.775169 9.9982E-05 0.046742 0.0785616 0.0684728
9.99549E-05 9.99549E-05 0.916796 9.99549E-05 9.99549E-05 0.082704 9.99549E-05
9.9955E-05 9.9955E-05 9.9955E-05 9.9955E-05 9.9955E-05 0.0326376 0.966863
9.9964E-05 9.9964E-05 0.381241 9.9964E-05 9.9964E-05 0.0727611 0.545598
9.9973E-05 0.158055 0.786579 0.0344747 9.9973E-05 0.0205915 9.9973E-05
9.9964E-05 9.9964E-05 0.134645 9.9964E-05 9.9964E-05 0.0854711 0.779484
9.9973E-05 0.586171 0.15096 9.9973E-05 0.0340174 9.9973E-05 0.228552
0.0151235 0.6773 9.9973E-05 0.0830268 9.9973E-05 9.9973E-05 0.22425
0.0532467 0.542873 0.0505171 0.165899 0.0613143 0.00582754 0.120322
0.0545 0.683755 9.9982E-05 0.0899483 0.0390424 9.9982E-05 0.132554
9.995E-05 9.995E-05 0.9994 9.995E-05 9.995E-05 9.995E-05 9.995E-05
0.0178101 0.621181 9.9973E-05 0.132472 9.9973E-05 9.9973E-05 0.228237
9.9982E-05 0.162699 9.9982E-05 0.290802 0.30235 0.0100751 0.233875
0.00411463 0.182554 9.9973E-05 0.34205 0.470981 9.9973E-05 9.9973E-05
9.9973E-05 0.174207 0.0386362 0.508657 0.2782 9.9973E-05 9.9973E-05
0.0470892 0.571109 9.9982E-05 0.156104 0.0541886 9.9982E-05 0.171309
0.0233833 0.874474 0.0722177 9.9982E-05 0.0044468 9.9982E-05 0.0252786
9.9964E-05 0.520016 9.9964E-05 0.0895474 9.9964E-05 9.9964E-05 0.390037
0.00841322 0.67111 0.00829206 0.0456652 9.9991E-05 0.00516289 0.261257
9.9973E-05 0.413951 9.9973E-05 0.057885 0.0418235 9.9973E-05 0.486041
9.9982E-05 0.741793 0.0448702 9.9982E-05 0.0249695 0.00107109 0.187096
9.9964E-05 0.0689644 9.9964E-05 0.623263 0.307373 9.9964E-05 9.9964E-05
0.168142 9.99639E-05 9.99639E-05 0.353998 0.47746 9.99639E-05 9.99639E-05
0.202293 9.99639E-05 9.99639E-05 0.467173 0.330134 9.99639E-05 9.99639E-05
0.0446214 0.0354893 9.9973E-05 0.632981 0.286608 9.9973E-05 9.9973E-05
0.0843572 0.0641392 9.9973E-05 0.677536 0.173668 9.9973E-05 9.9973E-05
0.0876133 0.00619037 9.9973E-05 0.502368 0.403528 9.9973E-05 9.9973E-05
0.0167356 0.0635287 9.9973E-05 0.574445 0.344991 9.9973E-05 9.9973E-05
0.17351 9.9964E-05 9.9964E-05 0.544311 0.281779 9.9964E-05 9.9964E-05
0.373984 9.99639E-05 9.99639E-05 0.226282 0.399333 9.99639E-05 9.99639E-05
0.114928 0.0176586 9.9973E-05 0.627514 0.239599 9.9973E-05 9.9973E-05
9.9964E-05 9.9964E-05 9.9964E-05 0.662622 0.33047 9.9964E-05 0.00650792
0.00294996 0.0279015 9.9991E-05 0.687888 0.259919 0.0126195 0.00862247
9.9982E-05 0.413493 0.0793948 0.0390854 0.0118292 9.9982E-05 0.455998
9.9964E-05 0.530253 0.421926 9.9964E-05 9.9964E-05 0.0474208 9.9964E-05
9.9973E-05 0.440044 0.0415815 0.0617261 9.9973E-05 9.9973E-05 0.456348
9.99547E-05 0.12015 9.99547E-05 9.99547E-05 9.99547E-05 0.87935 9.99547E-05
9.9973E-05 0.624035 0.107011 9.9973E-05 9.9973E-05 0.0471688 0.221485
9.99638E-05 0.49467 9.99638E-05 0.0784413 9.99638E-05 0.426489 9.99638E-05
9.9982E-05 0.177901 0.197913 9.9982E-05 0.0659718 0.348848 0.209166
9.9973E-05 0.0274765 0.252905 9.9973E-05 9.9973E-05 0.162963 0.556356
9.995E-05 9.995E-05 9.995E-05 9.995E-05 9.995E-05 0.9994 9.995E-05
9.9973E-05 9.9973E-05 0.129625 9.9973E-05 0.0930276 0.280217 0.496831
9.9973E-05 0.675161 0.150831 9.9973E-05 9.9973E-05 0.0397747 0.133934
9.9964E-05 0.695407 0.168027 9.9964E-05 9.9964E-05 0.136167 9.9964E-05
