0.034938 0.48962 0.475442
9.9991E-05 0.621785 0.378115
0.028825 0.563384 0.407791
0.0334629 0.805063 0.161474
0.0263082 0.535977 0.437715
9.999E-05 0.657828 0.342072
9.999E-05 0.659182 0.340718
0.103408 0.025886 0.870706
0.0593131 0.150065 0.790622
0.283449 9.9991E-05 0.716451
0.120283 9.9991E-05 0.879617
0.177346 0.0122049 0.810449
0.0805791 0.0364263 0.882995
0.197977 9.9991E-05 0.801923
0.136445 9.9991E-05 0.863455
0.0831334 0.0962207 0.820646
0.297408 9.9991E-05 0.702492
0.125091 0.0943115 0.780598
0.237417 9.9991E-05 0.762483
0.0742464 0.193538 0.732216
0.164668 0.0240782 0.811254
0.121227 0.0818856 0.796887
0.169472 0.0136251 0.816902
0.1322 0.0779462 0.789853
0.156653 0.0572946 0.786053
0.131279 0.0389055 0.829816
0.140841 0.0412461 0.817913
0.271906 9.9991E-05 0.727994
0.0847363 0.175575 0.739689
9.9991E-05 0.701714 0.298186
9.9991E-05 0.729998 0.269902
9.9991E-05 0.642247 0.357653
0.0731334 0.274002 0.652864
9.9991E-05 0.598372 0.401528
0.222982 0.103869 0.673148
0.0770274 0.200133 0.72284
0.621661 0.378239 9.9991E-05
0.12338 0.0680445 0.808575
0.111742 0.108167 0.780091
0.0641757 0.214663 0.721161
0.0892204 0.285558 0.625222
9.9991E-05 0.709653 0.290247
9.9991E-05 0.652945 0.346955
0.0512949 0.0142128 0.934492
0.121698 9.9991E-05 0.878202
0.198418 9.9991E-05 0.801482
0.096656 0.00800308 0.895341
0.0761332 0.0620303 0.861837
0.094273 0.000543377 0.905184
0.124908 9.9991E-05 0.874992
0.158916 9.9991E-05 0.840984
0.0839227 0.0349776 0.8811
0.0539091 9.9991E-05 0.945991
0.156281 9.9991E-05 0.843619
0.0688477 0.931052 9.9991E-05
0.104741 0.895159 9.9991E-05
0.0778893 0.912871 0.00923998
9.9991E-05 0.84361 0.15629
0.0271418 0.813241 0.159617
0.140595 0.859305 9.9991E-05
0.00262777 0.869882 0.127491
0.0256092 0.821844 0.152547
0.0599932 0.482694 0.457313
0.0737655 0.926135 9.9991E-05
9.9991E-05 0.70097 0.29893
9.9991E-05 0.765945 0.233955
9.9991E-05 0.787964 0.211936
9.9991E-05 0.811044 0.188856
9.9991E-05 0.774562 0.225338
0.00978855 0.892971 0.0972405
9.9991E-05 0.833738 0.166162
0.015371 0.923636 0.0609925
0.0572908 0.942609 9.9991E-05
9.9991E-05 0.801198 0.198702
0.0589311 0.928757 0.012312
0.0546155 0.945284 9.9991E-05
9.9991E-05 0.65842 0.34148
9.9991E-05 0.818394 0.181506
0.0421572 0.890975 0.0668683
9.9991E-05 0.781252 0.218648
9.9991E-05 0.809678 0.190222
9.9991E-05 0.680122 0.319778
9.9991E-05 0.837169 0.162731
9.9991E-05 0.81163 0.18827
9.9991E-05 0.771319 0.228581
0.524587 9.9991E-05 0.475313
0.46608 9.9991E-05 0.53382
0.491515 9.9991E-05 0.508385
0.453562 9.9991E-05 0.546338
0.299184 9.9991E-05 0.700717
0.368881 9.9991E-05 0.631019
0.182829 9.9991E-05 0.817071
0.00686658 0.88118 0.111953
0.0592154 0.940685 9.9991E-05
0.0138189 0.890489 0.0956919
9.9991E-05 0.850675 0.149225
9.9991E-05 0.878467 0.121433
9.9991E-05 0.747641 0.252259
9.9991E-05 0.88741 0.11249
9.9991E-05 0.742496 0.257404
0.0609874 0.915548 0.0234647
9.9991E-05 0.878391 0.121509
0.522408 9.9991E-05 0.477492
0.299603 9.9991E-05 0.700297
0.218596 9.9991E-05 0.781304
0.211878 0.00695334 0.781168
0.305481 0.0199753 0.674543
0.287999 9.9991E-05 0.711901
0.775331 9.9991E-05 0.224569
0.059473 0.831721 0.108806
0.243497 0.0342079 0.722295
0.247884 0.0989377 0.653179
0.432088 9.9991E-05 0.567812
0.412237 0.00183202 0.585931
0.304512 0.0499061 0.645582
0.697246 9.9991E-05 0.302654
0.724969 9.9991E-05 0.274931
0.272164 0.0113046 0.716531
0.421431 9.9991E-05 0.578469
0.68543 9.9991E-05 0.31447
0.357625 9.9991E-05 0.642275
0.754279 9.9991E-05 0.245621
0.371441 9.9991E-05 0.628459
0.634193 9.9991E-05 0.365707
0.177106 9.9991E-05 0.822794
0.122724 0.075424 0.801852
0.779419 0.220481 9.9991E-05
0.65036 9.9991E-05 0.34954
0.815651 0.0686529 0.115696
0.0950517 0.654056 0.250893
0.768409 0.00226122 0.22933
0.144089 0.335132 0.520779
0.159314 0.216004 0.624681
0.150837 9.9991E-05 0.849063
0.345268 0.0878501 0.566882
0.129639 0.0584325 0.811929
0.37489 9.9991E-05 0.62501
0.426168 0.27942 0.294412
9.9991E-05 0.804836 0.195064
0.210994 0.0772009 0.711805
0.297966 0.0145975 0.687437
9.9991E-05 0.884007 0.115893
0.0252052 0.905721 0.0690742
9.9991E-05 0.802005 0.197895
9.9991E-05 0.731852 0.268049
0.031487 0.917395 0.0511175
9.9991E-05 0.682762 0.317138
9.9991E-05 0.771174 0.228726
9.9991E-05 0.869948 0.129952
9.9991E-05 0.841981 0.157919
9.9991E-05 0.729426 0.270474
9.9991E-05 0.737161 0.262739
9.9991E-05 0.757003 0.242897
9.9991E-05 0.820249 0.179651
9.9991E-05 0.750666 0.249234
9.9991E-05 0.648042 0.351858
0.0711622 0.928738 9.9991E-05
0.0984875 0.901413 9.9991E-05
0.0433138 0.956586 9.9991E-05
9.9991E-05 0.84886 0.15104
0.0758749 0.924025 9.9991E-05
0.0741989 0.925701 9.9991E-05
0.0731795 0.906995 0.0198251
9.9991E-05 0.781684 0.218216
9.9991E-05 0.67063 0.32927
0.0291644 0.545271 0.425565
9.9991E-05 0.600639 0.399261
0.0621721 0.937728 9.9991E-05
9.9991E-05 0.635362 0.364538
0.0623596 0.323554 0.614087
0.145053 0.137365 0.717582
0.0825798 0.15415 0.76327
0.0157617 0.553975 0.430263
9.9991E-05 0.738501 0.261399
9.9991E-05 0.698689 0.301211
9.9991E-05 0.722176 0.277724
9.9991E-05 0.699693 0.300207
9.9991E-05 0.746053 0.253847
0.116179 0.0300939 0.853727
0.321352 9.9991E-05 0.678548
0.313246 9.9991E-05 0.686654
0.162821 0.00581337 0.831365
0.153971 0.0145153 0.831514
0.237959 9.9991E-05 0.761941
0.152299 0.0212706 0.82643
0.276157 9.9991E-05 0.723743
0.480272 9.9991E-05 0.519628
0.207788 9.9991E-05 0.792112
0.137037 9.9991E-05 0.862863
0.132049 0.0161364 0.851814
9.9991E-05 0.771268 0.228632
0.0293708 0.88405 0.0865796
9.9991E-05 0.742505 0.257395
0.0443811 0.955519 9.9991E-05
9.9991E-05 0.804625 0.195275
9.9991E-05 0.768121 0.231779
0.146707 0.853193 9.9991E-05
0.0677608 0.932139 9.9991E-05
0.0488571 0.951043 9.9991E-05
0.161155 0.838745 9.9991E-05
9.9991E-05 0.812951 0.186949
9.9991E-05 0.855793 0.144107
