0.0889874 0.532448 0.0589962 0.319569
0.0477723 0.749502 0.0558642 0.146862
0.111446 0.600297 0.058282 0.229975
0.261316 0.67775 0.0342525 0.0266812
0.0909083 0.596716 0.0739656 0.23841
0.0867725 0.744168 0.0245918 0.144468
0.0417355 0.810093 0.0613815 0.0867895
0.0235403 0.0701801 0.0633834 0.842896
0.0585023 0.157743 0.0198029 0.763952
9.9982E-05 9.9982E-05 0.269392 0.730408
9.9991E-05 0.0470221 0.0806415 0.872236
0.0502456 0.00426841 0.127933 0.817553
0.0489722 0.0377015 0.0129936 0.900333
9.9982E-05 9.9982E-05 0.168393 0.831407
0.0223983 0.0110192 0.105936 0.860646
0.0343981 0.133573 0.0647547 0.767275
9.9982E-05 9.9982E-05 0.326424 0.673376
0.00976478 0.161129 0.11021 0.718896
9.9991E-05 0.0170565 0.231851 0.750993
0.0657239 0.207125 0.0587922 0.668359
9.9991E-05 0.0867055 0.167498 0.745697
0.0118356 0.135601 0.116744 0.735819
9.9991E-05 0.0676744 0.160784 0.771442
9.9991E-05 0.161939 0.158005 0.679956
9.9991E-05 0.124797 0.162596 0.712507
9.9991E-05 0.106129 0.125503 0.768268
0.0264974 0.0749487 0.120365 0.778188
9.9982E-05 9.9982E-05 0.283823 0.715977
0.0600866 0.19056 0.0620817 0.687272
0.0511143 0.852949 0.0268192 0.0691172
0.0848241 0.841167 0.017981 0.0560283
0.0740492 0.740392 0.054307 0.131252
0.0884363 0.264978 0.0801732 0.566412
0.0805486 0.676456 0.0359108 0.207085
9.9991E-05 0.193289 0.292243 0.514368
0.0515783 0.241214 0.0731608 0.634047
0.559524 9.9982E-05 0.440276 9.9982E-05
0.047974 0.0799291 0.0924702 0.779627
0.0351415 0.143452 0.0793839 0.742022
0.0678618 0.216723 0.0485509 0.666865
0.103032 0.271336 0.0459886 0.579643
0.130899 0.75847 0.00449923 0.106132
0.0508969 0.773386 0.0439117 0.131806
0.0522781 9.9982E-05 9.9982E-05 0.947522
0.0133347 9.9991E-05 0.0435917 0.942974
0.0170564 9.9991E-05 0.143142 0.839702
0.0526223 9.9991E-05 0.0169428 0.930335
0.0595101 0.0528281 0.00297582 0.884686
0.036341 9.9991E-05 0.0224595 0.941099
0.0247096 0.00249903 0.0623723 0.910419
9.9982E-05 9.9982E-05 0.114959 0.884841
0.0472183 0.042518 0.0202823 0.889981
0.0335372 9.9982E-05 9.9982E-05 0.966263
9.9982E-05 9.9982E-05 0.118199 0.881601
0.530508 0.469292 9.9982E-05 9.9982E-05
0.672411 0.305977 0.0155704 0.00604097
0.488314 0.511486 9.9982E-05 9.9982E-05
0.256661 0.73805 0.00518864 9.9991E-05
0.280195 0.677875 0.0352241 0.00670631
0.821036 0.0743359 9.9991E-05 0.104528
0.302237 0.697563 9.9982E-05 9.9982E-05
0.232671 0.735654 0.0315754 9.9991E-05
0.110788 0.509322 0.0951042 0.284786
0.506089 0.493711 9.9982E-05 9.9982E-05
0.070883 0.814894 0.00651812 0.107704
0.140627 0.819262 0.00476892 0.0353424
0.163188 0.793385 0.0201612 0.0232653
0.205693 0.768143 0.0177706 0.00839297
0.151407 0.803501 9.9991E-05 0.044992
0.35085 0.64895 9.9982E-05 9.9982E-05
0.254049 0.73287 9.9991E-05 0.0129807
0.435784 0.564016 9.9982E-05 9.9982E-05
0.492451 0.507349 9.9982E-05 9.9982E-05
0.22498 0.737119 0.00606551 0.0318355
0.487015 0.512785 9.9982E-05 9.9982E-05
0.592231 0.407569 9.9982E-05 9.9982E-05
0.0603479 0.793515 0.041787 0.10435
0.168546 0.831254 9.9982E-05 9.9982E-05
0.421522 0.575155 9.9991E-05 0.00322293
0.183602 0.75379 9.9991E-05 0.0625071
0.175067 0.808908 0.0159251 9.9991E-05
0.0916817 0.757154 0.0274853 0.12368
0.206477 0.793323 9.9982E-05 9.9982E-05
0.182183 0.806862 0.0108556 9.9991E-05
0.135741 0.815981 0.00706961 0.0412087
9.9982E-05 9.9982E-05 0.592668 0.407132
9.9982E-05 9.9982E-05 0.501591 0.498209
9.99819E-05 9.99819E-05 0.550046 0.449754
9.99819E-05 9.99819E-05 0.507358 0.492442
9.9982E-05 9.9982E-05 0.328259 0.671541
9.9982E-05 9.9982E-05 0.392522 0.607278
9.9982E-05 9.9982E-05 0.130246 0.869554
0.328268 0.671532 9.9982E-05 9.9982E-05
0.605649 0.394151 9.9982E-05 9.9982E-05
0.349287 0.650513 9.9982E-05 9.9982E-05
0.226811 0.772989 9.9982E-05 9.9982E-05
0.277556 0.722244 9.9982E-05 9.9982E-05
0.123568 0.806837 0.00280213 0.0667926
0.301316 0.698484 9.9982E-05 9.9982E-05
0.0952597 0.829123 0.00689613 0.0687214
0.439683 0.560117 9.9982E-05 9.9982E-05
0.340543 0.659258 9.9982E-05 9.9982E-05
9.9982E-05 9.9982E-05 0.619849 0.379951
9.9991E-05 0.0316616 0.334613 0.633625
9.9991E-05 0.00595516 0.206608 0.787337
0.00880474 0.0556241 0.213533 0.722038
9.9991E-05 0.0931515 0.350941 0.555807
9.9991E-05 0.0489775 0.335079 0.615844
9.9982E-05 0.0292183 0.970582 9.9982E-05
0.347354 0.613097 0.0394485 9.9991E-05
9.9991E-05 0.106552 0.26167 0.631678
0.0568511 0.10244 0.244631 0.596077
9.9991E-05 0.0117428 0.516089 0.472068
9.9991E-05 0.0779514 0.504955 0.416994
9.9991E-05 0.132977 0.356952 0.509972
9.9991E-05 0.0134965 0.853396 0.133008
9.9991E-05 0.0239697 0.904056 0.0718746
9.9991E-05 0.0761562 0.300749 0.622995
9.9991E-05 0.0291822 0.479927 0.490791
9.9982E-05 9.9982E-05 0.830516 0.169284
9.9982E-05 9.9982E-05 0.384831 0.614969
9.9982E-05 9.9982E-05 0.920542 0.0792584
9.9982E-05 9.9982E-05 0.394748 0.605052
9.99819E-05 9.99819E-05 0.736581 0.263219
9.9991E-05 0.00929828 0.146907 0.843695
0.0431856 0.0893458 0.0816333 0.785835
0.317246 9.9982E-05 0.682554 9.9982E-05
9.9982E-05 9.9982E-05 0.777373 0.222427
0.10408 9.9982E-05 0.89572 9.9982E-05
0.122369 0.692739 0.165127 0.0197651
9.9982E-05 0.0670852 0.932715 9.9982E-05
0.0280686 0.433888 0.224899 0.313145
0.0622278 0.239575 0.157791 0.540406
0.0180337 0.00950141 0.115054 0.857411
9.9991E-05 0.174006 0.42854 0.397353
9.9991E-05 0.122974 0.128639 0.748288
9.9991E-05 0.0428664 0.438898 0.518136
0.123665 0.24236 0.493517 0.140458
0.194983 0.78188 0.010323 0.0128143
0.0192339 0.126887 0.225033 0.628846
9.9991E-05 0.0784485 0.342404 0.579048
0.310731 0.689069 9.9982E-05 9.9982E-05
0.380409 0.619391 9.9982E-05 9.9982E-05
0.158543 0.826588 0.012971 0.00189827
0.0680824 0.854395 0.0200252 0.0574978
0.414097 0.585703 9.9982E-05 9.9982E-05
0.0651425 0.800043 0.0208486 0.113966
0.135086 0.817221 9.9991E-05 0.0475927
0.296198 0.703603 9.9982E-05 9.9982E-05
0.220963 0.778837 9.9982E-05 9.9982E-05
0.110286 0.80507 0.0160347 0.0686089
0.100493 0.828351 0.0203223 0.0508332
0.12837 0.804647 0.00400774 0.0629762
0.20684 0.776059 9.9991E-05 0.0170003
0.109497 0.830213 0.00601415 0.0542755
0.0401683 0.796441 0.0579282 0.105463
0.937845 0.0580818 9.9991E-05 0.00397368
0.709932 0.258477 0.00393115 0.0276595
0.834576 0.165224 9.9982E-05 9.9982E-05
0.274049 0.725154 0.000697554 9.9991E-05
0.508057 0.491743 9.9982E-05 9.9982E-05
0.567478 0.432323 9.9982E-05 9.9982E-05
0.451031 0.548769 9.9982E-05 9.9982E-05
0.183628 0.77001 0.00120903 0.0451533
0.0302809 0.841626 0.036464 0.0916287
0.0526946 0.650714 0.0726608 0.223931
0.0615988 0.711369 0.0560011 0.171031
0.907193 0.0895751 9.9991E-05 0.00313223
0.0179333 0.805413 0.041024 0.135629
0.0726081 0.360057 0.0592761 0.508058
9.9991E-05 0.232389 0.171889 0.595622
0.0235194 0.21531 0.0775488 0.683622
0.0427387 0.671304 0.0830063 0.202951
0.0477033 0.895465 0.0487028 0.0081288
0.0540837 0.845789 0.000479778 0.0996478
0.0768358 0.82848 0.00902752 0.0856569
0.0753031 0.824765 0.00968899 0.090243
0.0894606 0.861842 0.0153088 0.0333885
0.0042856 0.0846602 0.089854 0.8212
9.9991E-05 0.00377665 0.361663 0.634461
9.9982E-05 9.9982E-05 0.340225 0.659575
9.9991E-05 0.0598618 0.144104 0.795934
9.9991E-05 0.0723541 0.154132 0.773414
9.9991E-05 0.0356563 0.236932 0.727311
0.00412923 0.0758311 0.145116 0.774924
9.9991E-05 0.026569 0.294806 0.678525
9.9982E-05 9.9982E-05 0.559011 0.440789
9.9991E-05 0.0196855 0.198255 0.781959
0.00218489 0.0288184 0.0942231 0.874774
0.0178399 0.0593184 0.100409 0.822433
0.149138 0.794742 0.004858 0.0512623
0.353275 0.646525 9.9982E-05 9.9982E-05
0.103402 0.823754 0.0103197 0.0625243
0.774389 0.192233 9.9991E-05 0.0332781
0.162571 0.817722 0.0196063 9.9991E-05
0.335717 0.544764 9.9991E-05 0.119419
0.567121 0.363416 0.0693629 9.9991E-05
0.480211 0.519589 9.9982E-05 9.9982E-05
0.9997 9.998E-05 9.998E-05 9.998E-05
0.481053 0.43349 0.0800923 0.0053651
0.175187 0.813543 0.0111705 9.9991E-05
0.283857 0.715718 9.9991E-05 0.000325217
