0.0645895 0.0735674 0.304053 0.0258071 0.531983
0.021573 0.066522 0.0995773 0.0507996 0.761528
0.111137 0.139499 0.143593 0.0223294 0.583442
0.240536 0.0215478 9.9991E-05 0.0373996 0.700417
0.084292 0.166842 0.11281 0.0437086 0.592347
0.0777033 0.0484956 0.133501 9.9991E-05 0.7402
0.0478604 0.0120396 0.149668 0.0319668 0.758465
9.999E-05 0.627865 0.256436 0.014795 0.100804
0.0251988 0.521908 0.254963 9.9991E-05 0.19783
9.9982E-05 0.713367 0.0813377 0.205095 9.9982E-05
9.9991E-05 0.684258 0.254456 0.012214 0.0489717
0.00661885 0.690921 0.124665 0.0924765 0.0853191
0.00616865 0.677439 0.220899 9.9991E-05 0.0953925
9.9982E-05 0.7604 0.134785 0.104615 9.9982E-05
0.00457278 0.532011 0.422112 0.0227349 0.0185695
0.0292681 0.313697 0.573693 9.9991E-05 0.0832423
9.9982E-05 0.40652 0.372716 0.220564 9.9982E-05
9.999E-05 0.447088 0.369776 0.0378907 0.145145
9.9982E-05 0.438216 0.416395 0.145189 9.9982E-05
0.0455517 0.284083 0.479978 9.9991E-05 0.190287
0.00840685 0.282666 0.659595 0.0378981 0.0114343
0.0322647 0.286135 0.635928 9.9991E-05 0.0455723
9.999E-05 0.358806 0.559021 0.0572426 0.0248298
9.9991E-05 0.134798 0.766834 0.0277149 0.0705531
0.018696 0.0800353 0.885089 0.0160798 9.9991E-05
9.9982E-05 0.157172 0.823662 9.9982E-05 0.0189662
9.9991E-05 0.397168 0.482058 0.0499473 0.0707275
9.9982E-05 0.299105 0.519988 0.180707 9.9982E-05
0.0396662 0.314477 0.477474 9.9991E-05 0.168283
0.0244236 0.0242637 0.0494446 0.0295658 0.872302
0.0726585 0.0625788 9.9991E-05 0.0206455 0.844017
0.0552067 0.0227621 0.154428 0.0291747 0.738428
0.0922485 0.112113 0.595469 9.9991E-05 0.200069
0.0597917 0.0870146 0.155956 0.00979906 0.687438
0.00834627 9.9991E-05 0.845175 0.096366 0.0500131
0.0537233 0.237118 0.5415 9.9991E-05 0.167558
0.544295 9.99731E-05 9.99731E-05 0.455405 9.99731E-05
0.0445813 0.297436 0.635144 9.9991E-05 0.0227386
0.0352834 0.377561 0.480017 9.9991E-05 0.107039
0.0478473 0.10677 0.649492 9.9991E-05 0.195791
0.077541 0.194296 0.4723 9.9991E-05 0.255764
0.0932351 0.0501764 0.0596241 0.0107926 0.786172
0.0659654 0.0183247 0.184439 9.9991E-05 0.73117
0.0230952 0.887604 9.9982E-05 9.9982E-05 0.0891004
0.0277587 0.938406 0.0237713 9.9991E-05 0.00996357
0.0339433 0.87371 9.9991E-05 0.0796315 0.0126157
0.0131686 0.605639 0.339345 9.9991E-05 0.0417473
0.0259713 0.789627 0.056469 9.9991E-05 0.127833
0.0138663 0.619436 0.329394 9.9991E-05 0.0372039
0.00711059 0.809553 0.112904 0.0163605 0.0540715
0.00933138 0.955846 9.9982E-05 0.0346222 9.9982E-05
0.0130956 0.737483 0.137953 9.9991E-05 0.111369
0.0133619 0.922153 9.9982E-05 9.9982E-05 0.0642853
0.01116 0.93626 9.9991E-05 0.0448637 0.00761621
0.542597 9.9973E-05 9.9973E-05 9.9973E-05 0.457103
0.718502 9.9982E-05 0.0431104 9.9982E-05 0.238188
0.508678 9.9982E-05 9.9982E-05 0.00370942 0.487413
0.26196 0.0110782 9.9982E-05 9.9982E-05 0.726761
0.317281 9.9982E-05 0.0715859 9.9982E-05 0.610933
0.844398 0.0243615 0.0916018 9.9991E-05 0.0395391
0.312386 9.9982E-05 0.00529357 9.9982E-05 0.682121
0.223314 0.00245066 9.9991E-05 0.0342728 0.739862
0.102968 0.157446 0.199922 0.0470995 0.492565
0.506166 9.9973E-05 9.9973E-05 9.9973E-05 0.493534
0.0484545 0.0365365 0.0857861 9.9991E-05 0.829123
0.12579 0.0460439 9.9991E-05 0.00492516 0.823141
0.14686 0.00487226 0.0139423 0.0273144 0.807011
0.190669 9.9991E-05 0.0184569 0.0109492 0.779825
0.136843 9.9982E-05 0.0617678 9.9982E-05 0.80119
0.331056 9.9973E-05 9.9973E-05 9.9973E-05 0.668644
0.243059 9.9982E-05 0.0164624 9.9982E-05 0.740278
0.444186 9.9973E-05 9.9973E-05 9.9973E-05 0.555514
0.487859 9.9973E-05 9.9973E-05 9.9973E-05 0.511842
0.220503 0.0212713 0.0306226 0.0012763 0.726327
0.49732 9.9973E-05 9.9973E-05 9.9973E-05 0.50238
0.605436 9.9973E-05 9.9973E-05 9.9973E-05 0.394264
0.0546664 0.0655677 0.0977502 0.019687 0.762329
0.154206 9.9982E-05 0.00338681 9.9982E-05 0.842207
0.421309 0.014134 9.9982E-05 9.9982E-05 0.564357
0.194055 0.0661849 9.9982E-05 9.9982E-05 0.73956
0.170113 0.0186231 9.9991E-05 0.0124281 0.798736
0.090336 0.0494321 0.111309 9.9991E-05 0.748823
0.199996 9.9973E-05 9.9973E-05 9.9973E-05 0.799704
0.175143 0.0125025 9.9991E-05 0.0128482 0.799406
0.128839 0.0422443 0.00436748 0.00636105 0.818188
9.99729E-05 0.504246 9.99729E-05 0.495455 9.99729E-05
9.99729E-05 0.588793 9.99729E-05 0.410907 9.99729E-05
9.99729E-05 0.541353 9.99729E-05 0.458347 9.99729E-05
9.99729E-05 0.577019 9.99729E-05 0.422681 9.99729E-05
9.9991E-05 0.595157 0.165984 0.23554 0.00321919
9.99729E-05 0.692126 9.99729E-05 0.307575 9.99729E-05
9.9973E-05 0.966077 9.9973E-05 0.0336233 9.9973E-05
0.319931 9.9973E-05 9.9973E-05 9.9973E-05 0.679769
0.610828 9.9973E-05 9.9973E-05 9.9973E-05 0.388872
0.350451 9.9973E-05 9.9973E-05 9.9973E-05 0.649249
0.232413 9.9973E-05 9.9973E-05 9.9973E-05 0.767288
0.27607 9.9973E-05 9.9973E-05 9.9973E-05 0.72363
0.107197 0.0548229 0.00301522 0.0119284 0.823036
0.308071 9.9973E-05 9.9973E-05 9.9973E-05 0.691629
0.0983182 0.0829928 9.9982E-05 9.9982E-05 0.818489
0.434505 9.9973E-05 9.9973E-05 9.9973E-05 0.565195
0.334162 9.9973E-05 9.9973E-05 9.9973E-05 0.665538
9.9982E-05 0.396611 0.0475412 0.555648 9.9982E-05
9.9982E-05 0.148978 0.636465 0.214358 9.9982E-05
9.9982E-05 0.443178 0.440456 0.116166 9.9982E-05
9.9991E-05 0.348415 0.530717 0.100465 0.0203024
9.9991E-05 0.0876292 0.682285 0.222443 0.00754271
9.9982E-05 0.00885252 0.795994 0.194953 9.9982E-05
9.9982E-05 9.9982E-05 0.116391 0.870297 0.0131125
0.373855 9.9982E-05 0.0712113 9.9982E-05 0.554733
9.9991E-05 0.156838 0.676054 0.139918 0.0270897
0.0710006 0.18508 0.611148 0.115757 0.0170142
9.9982E-05 0.122848 0.472977 0.403975 9.9982E-05
9.9973E-05 9.9973E-05 0.704442 0.295258 9.9973E-05
9.9982E-05 9.9982E-05 0.757847 0.213253 0.0286999
9.99729E-05 9.99729E-05 0.265825 0.733875 9.99729E-05
9.99729E-05 9.99729E-05 0.240434 0.759266 9.99729E-05
9.9982E-05 0.0387945 0.801692 0.159314 9.9982E-05
9.9982E-05 0.172119 0.452839 0.374842 9.9982E-05
9.99729E-05 0.242311 9.99729E-05 0.757389 9.99729E-05
9.99819E-05 0.502543 0.191652 0.305605 9.99819E-05
9.99729E-05 0.163439 9.99729E-05 0.836261 9.99729E-05
9.9982E-05 0.639422 0.039239 0.321139 9.9982E-05
9.99729E-05 0.356931 9.99729E-05 0.642769 9.99729E-05
9.9982E-05 0.557179 0.376058 0.066563 9.9982E-05
0.0210303 0.540555 0.323937 0.0138373 0.10064
0.305727 9.9973E-05 9.9973E-05 0.693973 9.9973E-05
9.9982E-05 0.0066851 0.333673 0.659442 9.9982E-05
0.0736627 9.9982E-05 9.9982E-05 0.887277 0.0388604
0.157051 9.9991E-05 0.141159 0.0906957 0.610994
0.0212002 9.9982E-05 0.20176 0.776839 9.9982E-05
0.101989 9.9991E-05 0.584405 0.0608309 0.252676
0.127628 9.9982E-05 0.812099 9.9982E-05 0.0600728
9.9991E-05 0.560375 0.395811 0.039544 0.00416984
0.0193746 9.9991E-05 0.638997 0.280588 0.0609399
0.0143106 0.282739 0.639515 0.0159508 0.0474852
9.9982E-05 0.103482 0.583395 0.312924 9.9982E-05
0.175093 9.9991E-05 0.341145 0.354 0.129662
0.198385 0.0347465 9.9982E-05 9.9982E-05 0.766668
0.0346464 0.0700141 0.8224 0.0728393 9.9991E-05
0.00386226 0.158046 0.643992 0.194 9.9991E-05
0.289623 9.9973E-05 9.9973E-05 9.9973E-05 0.710077
0.373568 9.9973E-05 9.9973E-05 9.9973E-05 0.626132
0.138104 0.00711461 9.9991E-05 0.012875 0.841807
0.0696481 9.9991E-05 0.09467 0.00295872 0.832623
0.404169 9.9973E-05 9.9973E-05 9.9973E-05 0.595531
0.0322255 0.0336209 0.0702083 0.0378871 0.826058
0.129505 9.9982E-05 0.0520219 9.9982E-05 0.818273
0.280931 9.9973E-05 9.9973E-05 9.9973E-05 0.718769
0.217682 9.9973E-05 9.9973E-05 9.9973E-05 0.782018
0.100426 0.0549675 0.0292854 0.00622373 0.809097
0.0941908 0.00412034 0.0807748 0.00738488 0.813529
0.126958 9.9982E-05 0.0862239 9.9982E-05 0.786618
0.206267 0.0259403 9.9982E-05 9.9982E-05 0.767592
0.0940348 0.0573987 9.9991E-05 0.00337935 0.845087
0.0364444 9.9991E-05 0.172915 0.0178248 0.772716
0.959758 0.00860047 9.9982E-05 9.9982E-05 0.0314415
0.712565 9.9982E-05 0.0376645 9.9982E-05 0.249571
0.858137 9.9973E-05 9.9973E-05 9.9973E-05 0.141563
0.265447 9.9982E-05 9.9982E-05 0.00803848 0.726315
0.511166 9.9973E-05 9.9973E-05 9.9973E-05 0.488534
0.586529 0.00995284 9.9982E-05 9.9982E-05 0.403318
0.45608 9.9982E-05 9.9982E-05 0.00263695 0.541083
0.149227 0.0120011 0.0297576 0.0100404 0.798974
0.026979 0.0618434 0.0511582 0.0305198 0.8295
0.0450748 0.131678 0.110576 0.0682521 0.64442
0.0372109 0.0930118 0.098427 0.0471879 0.724162
0.913852 0.00444346 9.9982E-05 9.9982E-05 0.0815046
9.9991E-05 0.0484971 0.105522 0.0351387 0.810742
0.0596797 0.0700438 0.567338 9.9991E-05 0.302839
9.9991E-05 0.132345 0.664081 0.0572912 0.146183
0.0148369 0.142959 0.678972 9.9991E-05 0.163132
0.050519 0.096003 0.203005 0.0231641 0.627309
0.0534344 0.00983544 0.0310953 0.0349037 0.870731
0.0134911 0.0599125 0.0284019 0.0149485 0.883246
0.0482359 0.0705517 9.9991E-05 0.0261023 0.85501
0.0428405 0.0180267 0.0818476 0.0146165 0.842669
0.0737198 9.9982E-05 0.0650057 9.9982E-05 0.861075
0.00236459 0.326787 0.640156 9.9991E-05 0.0305924
9.9982E-05 0.133582 0.629251 0.236967 9.9982E-05
9.9982E-05 0.254189 0.512394 0.233218 9.9982E-05
9.9982E-05 0.318393 0.650655 0.0307519 9.9982E-05
0.00297969 0.403187 0.52887 0.0414055 0.0235575
9.9982E-05 0.224358 0.644629 0.130813 9.9982E-05
0.00173229 0.201984 0.77108 0.0251039 9.9991E-05
9.9982E-05 0.307018 0.504901 0.187881 9.9982E-05
9.9982E-05 0.0839123 0.471363 0.444525 9.9982E-05
9.9982E-05 0.325967 0.577269 0.0965639 9.9982E-05
9.9973E-05 0.34273 0.65697 9.9973E-05 9.9973E-05
0.0195734 0.366623 0.612509 9.9991E-05 0.00119484
0.13887 9.9982E-05 0.0773488 9.9982E-05 0.783581
0.355791 9.9973E-05 9.9973E-05 9.9973E-05 0.643909
0.0618532 0.045158 9.9991E-05 0.0256077 0.867281
0.796392 9.99819E-05 0.0319726 9.99819E-05 0.171436
0.164 9.9982E-05 9.9982E-05 0.0248947 0.810905
0.324382 0.0020635 0.137603 9.9991E-05 0.535852
0.625095 9.9991E-05 0.109274 0.000137421 0.265394
0.476242 9.9973E-05 9.9973E-05 9.9973E-05 0.523458
0.9996 9.997E-05 9.997E-05 9.997E-05 9.997E-05
0.495699 9.9991E-05 0.0281885 0.0631051 0.412907
0.166533 9.9991E-05 0.000492326 0.012389 0.820485
0.268833 0.00234344 9.9982E-05 9.9982E-05 0.728624
