0.104642 0.0123138 0.270489 0.0210487 0.138437 0.0430799 0.40999
0.0966273 0.0110733 0.0448808 0.0435478 0.0217969 0.00317339 0.778901
0.193246 0.00430851 0.0332377 0.0350564 9.9991E-05 0.0657449 0.668306
0.0260322 0.0303866 0.00679936 0.0230077 0.360452 0.129212 0.42411
0.126868 0.0216333 0.0969219 0.0708687 0.00174813 0.0304867 0.651473
9.9982E-05 0.00839903 0.150093 0.0102914 9.9982E-05 0.0533749 0.777642
0.00154232 0.00595434 0.145156 0.0183474 0.0767726 0.0235885 0.728639
0.621087 0.00251228 0.277637 9.9982E-05 9.9982E-05 0.00818645 0.0903778
0.437108 0.0082007 0.356529 9.9982E-05 0.081852 9.9982E-05 0.116111
0.687939 9.9964E-05 0.104329 0.207331 9.9964E-05 9.9964E-05 9.9964E-05
0.63599 9.9973E-05 0.307906 0.00673634 9.9973E-05 9.9973E-05 0.0490676
0.683642 9.9991E-05 0.140905 0.0812084 0.0176668 0.0148135 0.0616636
0.59711 0.00242279 0.321092 9.9973E-05 0.079076 9.9973E-05 9.9973E-05
0.739733 9.9964E-05 0.163466 0.0964009 9.9964E-05 9.9964E-05 9.9964E-05
0.504799 9.9973E-05 0.463727 0.0195713 9.9973E-05 0.0116034 9.9973E-05
0.302777 0.00503715 0.574278 9.9991E-05 0.0430757 0.0155866 0.0591451
0.385122 9.99639E-05 0.391097 0.223382 9.99639E-05 9.99639E-05 9.99639E-05
0.429994 0.00201498 0.401237 0.0323438 0.0483406 0.0141768 0.071892
0.427751 9.9964E-05 0.425543 0.146306 9.9964E-05 9.9964E-05 9.9964E-05
0.200247 0.012931 0.572927 9.9991E-05 0.0845224 0.0138346 0.115438
0.227954 9.9973E-05 0.698151 0.0514177 0.0221772 9.9973E-05 9.9973E-05
0.254385 0.00553959 0.660124 0.000782912 0.031447 0.0107519 0.0369692
0.383337 0.00163871 0.508695 0.0728225 0.0333072 9.9982E-05 9.9982E-05
0.075058 0.0080379 0.841911 0.0282143 0.0425605 9.9991E-05 0.00411851
0.0204199 9.9973E-05 0.935256 0.0130471 9.9973E-05 0.030977 9.9973E-05
0.176472 9.9973E-05 0.781777 0.0150178 0.026433 9.9973E-05 9.9973E-05
0.40252 9.9973E-05 0.468296 0.0483076 0.0805763 9.9973E-05 9.9973E-05
0.252323 9.99639E-05 0.552841 0.194437 9.99639E-05 9.99639E-05 9.99639E-05
0.246325 9.9982E-05 0.533511 9.9982E-05 0.068957 0.0253865 0.125621
0.0266864 0.00988358 0.0893613 0.00103908 0.249192 9.9991E-05 0.623738
0.0681609 0.0106171 9.9982E-05 0.0104819 0.31354 9.9982E-05 0.597
0.132201 0.01488 0.0418163 0.0175841 0.307276 9.9991E-05 0.486143
0.0593297 0.0258769 0.668524 9.9991E-05 0.168484 0.0181406 0.0595449
0.110765 0.0211332 0.120484 0.0110209 0.169908 0.00751006 0.559178
9.9964E-05 9.9964E-05 0.820309 0.11233 0.0669614 9.9964E-05 9.9964E-05
0.179181 9.9982E-05 0.593195 9.9982E-05 0.110044 0.0395427 0.0778372
9.99551E-05 9.99551E-05 9.99551E-05 0.412293 9.99551E-05 0.587207 9.99551E-05
0.239739 0.010603 0.695625 9.9982E-05 0.0257017 0.0281317 9.9982E-05
0.427541 9.9973E-05 0.416706 9.9973E-05 9.9973E-05 0.0461867 0.109266
0.087605 0.00307261 0.675128 9.9991E-05 0.0695974 0.0143097 0.150187
0.133907 0.0232657 0.556116 9.9991E-05 0.238967 0.0156471 0.0319975
0.0594244 0.0383355 0.0363732 0.000372624 0.0708756 0.059623 0.734996
0.00510043 0.0174167 0.160333 0.00755469 0.120318 0.00537055 0.683907
0.878525 0.00211162 9.9982E-05 9.9982E-05 0.00402278 0.000639749 0.114501
0.948177 0.0111381 9.9973E-05 9.9973E-05 9.9973E-05 0.020829 0.0195558
0.888672 0.0159181 9.9982E-05 0.0600446 0.00039256 0.0347732 9.9982E-05
0.587875 0.0153393 0.351568 9.9973E-05 9.9973E-05 9.9973E-05 0.0449178
0.814871 0.00649135 0.0358284 9.9982E-05 0.104563 9.9982E-05 0.0380462
0.568127 0.0131883 0.38427 9.9973E-05 9.9973E-05 9.9973E-05 0.0341153
0.836463 0.00714987 0.11161 0.00211627 0.042461 9.9982E-05 9.9982E-05
0.95348 9.9964E-05 9.9964E-05 0.0307222 9.9964E-05 0.0153975 9.9964E-05
0.691771 0.00936027 0.182561 9.9973E-05 9.9973E-05 9.9973E-05 0.116008
0.914755 0.00264313 9.9973E-05 9.9973E-05 9.9973E-05 0.00379855 0.0785039
0.943784 0.0013408 9.9973E-05 0.0362187 0.0183562 9.9973E-05 9.9973E-05
9.9973E-05 0.022009 9.9973E-05 9.9973E-05 0.121415 0.499195 0.357081
9.9982E-05 0.0239183 0.0158889 9.9982E-05 0.121942 0.646578 0.191473
0.00556276 0.0208614 9.9982E-05 9.9982E-05 0.374431 0.385101 0.213845
9.9964E-05 0.0378218 9.9964E-05 9.9964E-05 9.9964E-05 0.219858 0.74192
9.9982E-05 0.0341569 0.0154502 0.00732031 9.9982E-05 0.262069 0.680804
9.99729E-05 0.01274 0.10902 9.99729E-05 0.072895 0.805045 9.99729E-05
9.9973E-05 0.052342 9.9973E-05 9.9973E-05 0.183736 0.2015 0.562122
9.9964E-05 9.9964E-05 9.9964E-05 0.0114715 9.9964E-05 0.252232 0.735897
0.161266 0.0228669 0.14937 0.0825318 0.277722 9.9991E-05 0.306143
9.9964E-05 0.0282366 9.9964E-05 9.9964E-05 9.9964E-05 0.508481 0.462883
0.0677304 0.0125147 0.0179541 0.00348258 0.0782914 0.00868897 0.811338
0.0273286 0.0161851 0.00702787 0.00357568 0.270875 0.0360264 0.638981
9.9982E-05 0.000701969 0.0352971 9.9982E-05 0.217503 0.108009 0.63829
9.9991E-05 0.0241017 0.00241351 0.0251356 0.402628 0.0596182 0.486003
9.9982E-05 0.000759887 0.045838 9.9982E-05 0.285912 0.0530284 0.614262
9.9973E-05 0.0211106 9.9973E-05 9.9973E-05 0.350931 0.237021 0.390638
9.9955E-05 9.9955E-05 0.0582011 9.9955E-05 0.941299 9.9955E-05 9.9955E-05
9.9973E-05 0.0351766 9.9973E-05 9.9973E-05 0.369538 0.299529 0.295457
9.9964E-05 0.0286518 9.9964E-05 9.9964E-05 0.767226 0.203722 9.9964E-05
0.0526793 0.000204424 9.9982E-05 9.9982E-05 0.456266 0.10756 0.383091
9.9973E-05 0.0178697 9.9973E-05 9.9973E-05 0.472083 0.340893 0.168854
9.99639E-05 0.0666924 9.99639E-05 9.99639E-05 0.589887 0.34302 9.99639E-05
0.0319401 0.0239352 0.0972466 0.0172109 0.102736 0.0210137 0.705918
9.9964E-05 9.9964E-05 9.9964E-05 9.9964E-05 0.205995 0.113906 0.6797
0.00749443 0.0189036 9.9982E-05 9.9982E-05 0.320989 0.309145 0.343269
0.0387372 9.9964E-05 9.9964E-05 9.9964E-05 9.9964E-05 0.188503 0.77236
9.9991E-05 0.0059032 0.00510128 0.000118035 0.122114 0.151507 0.715156
0.012965 0.0153442 0.101179 0.0162587 0.108949 0.0264466 0.718857
9.9964E-05 0.0149057 9.9964E-05 9.9964E-05 9.9964E-05 0.20964 0.775054
9.9973E-05 0.0106077 9.9973E-05 9.9973E-05 0.0758295 0.129406 0.783857
0.00877013 9.9982E-05 0.0276758 9.9982E-05 0.0768777 0.125622 0.760854
0.503782 9.99549E-05 9.99549E-05 0.495718 9.99549E-05 9.99549E-05 9.99549E-05
0.591429 9.99549E-05 9.99549E-05 0.408071 9.99549E-05 9.99549E-05 9.99549E-05
0.541424 9.99549E-05 9.99549E-05 0.458076 9.99549E-05 9.99549E-05 9.99549E-05
0.579171 9.99549E-05 9.99549E-05 0.420329 9.99549E-05 9.99549E-05 9.99549E-05
0.612864 9.9973E-05 0.147565 0.237593 9.9973E-05 9.9973E-05 0.00167794
0.686628 9.99549E-05 9.99549E-05 0.312872 9.99549E-05 9.99549E-05 9.99549E-05
0.971419 9.99549E-05 9.99549E-05 0.028081 9.99549E-05 9.99549E-05 9.99549E-05
9.9973E-05 0.0327939 9.9973E-05 9.9973E-05 0.299538 0.215485 0.451883
9.9964E-05 0.0187426 9.9964E-05 9.9964E-05 0.594792 0.386066 9.9964E-05
9.9982E-05 0.0258332 9.9982E-05 0.00574467 0.884646 0.0616827 0.0218934
9.9982E-05 0.0293704 0.00323585 9.9982E-05 0.655926 0.0137183 0.297549
9.9973E-05 0.0184047 9.9973E-05 9.9973E-05 0.663793 0.076184 0.241319
0.0666626 0.0142655 9.9973E-05 9.9973E-05 0.400072 9.9973E-05 0.5187
9.9973E-05 0.0434552 0.00499108 9.9973E-05 0.938744 9.9973E-05 0.0125094
0.0364753 0.0196404 0.0155276 0.0105806 0.194586 0.00484635 0.718344
9.9964E-05 0.000141112 9.9964E-05 9.9964E-05 0.849447 0.150012 9.9964E-05
9.9982E-05 0.0541647 0.00730742 9.9982E-05 0.647336 0.101378 0.189614
0.404037 9.99639E-05 0.0318782 0.563685 9.99639E-05 9.99639E-05 9.99639E-05
0.148946 9.99639E-05 0.624018 0.226636 9.99639E-05 9.99639E-05 9.99639E-05
0.452077 9.9964E-05 0.422753 0.124769 9.9964E-05 9.9964E-05 9.9964E-05
0.352381 0.00291086 0.504592 0.111601 9.9982E-05 9.9982E-05 0.0283154
0.0606228 0.00365415 0.705214 0.227506 0.00280353 9.9982E-05 9.9982E-05
9.99549E-05 9.99549E-05 0.781046 0.218454 9.99549E-05 9.99549E-05 9.99549E-05
9.99639E-05 9.99639E-05 0.0852702 0.890245 9.99639E-05 9.99639E-05 0.0240853
9.9982E-05 0.0283259 0.053305 0.0217444 0.797234 0.0991909 9.9982E-05
0.110156 0.0107946 0.696522 0.156302 9.9982E-05 9.9982E-05 0.0260247
0.184359 9.9973E-05 0.603015 0.110662 9.9973E-05 0.101665 9.9973E-05
0.133427 9.996E-05 0.446565 0.419608 9.996E-05 9.996E-05 9.996E-05
9.9955E-05 9.9955E-05 0.68162 0.317881 9.9955E-05 9.9955E-05 9.9955E-05
9.9982E-05 0.000912309 0.741874 0.216849 0.00181119 9.9982E-05 0.0383536
9.99549E-05 9.99549E-05 0.248653 0.750847 9.99549E-05 9.99549E-05 9.99549E-05
9.99549E-05 9.99549E-05 0.219244 0.780256 9.99549E-05 9.99549E-05 9.99549E-05
0.0116867 9.9964E-05 0.816883 0.171031 9.9964E-05 9.9964E-05 9.9964E-05
0.178996 9.9964E-05 0.437565 0.383039 9.9964E-05 9.9964E-05 9.9964E-05
0.233168 9.99549E-05 9.99549E-05 0.766332 9.99549E-05 9.99549E-05 9.99549E-05
0.471019 9.99639E-05 0.227645 0.300936 9.99639E-05 9.99639E-05 9.99639E-05
0.16126 9.99549E-05 9.99549E-05 0.83824 9.99549E-05 9.99549E-05 9.99549E-05
0.63373 9.9964E-05 0.045953 0.319917 9.9964E-05 9.9964E-05 9.9964E-05
0.358077 9.99549E-05 9.99549E-05 0.641423 9.99549E-05 9.99549E-05 9.99549E-05
0.581396 9.9973E-05 0.343424 0.069901 0.00497903 9.9973E-05 9.9973E-05
0.530798 0.00900255 0.336933 0.0150485 0.0680699 0.00276265 0.0373854
9.9955E-05 9.9955E-05 9.9955E-05 0.672005 9.9955E-05 0.327495 9.9955E-05
0.0276129 9.99639E-05 0.297368 0.674619 9.99639E-05 9.99639E-05 9.99639E-05
9.9973E-05 0.0218469 9.9973E-05 0.890739 0.0353648 0.0517495 9.9973E-05
0.00672141 9.9982E-05 0.034616 0.132614 9.9982E-05 0.122068 0.703781
9.9973E-05 9.9973E-05 0.166949 0.800683 0.02813 0.00393805 9.9973E-05
9.9982E-05 0.0111901 0.492492 0.105557 9.9982E-05 0.0457279 0.344833
9.9982E-05 0.000557059 0.732962 0.0433587 9.9982E-05 0.0887265 0.134196
0.541995 0.00799504 0.414119 0.0342354 0.00145581 9.9982E-05 9.9982E-05
9.9991E-05 0.00331945 0.625466 0.283586 0.0461285 0.024202 0.0171972
0.19316 0.00640348 0.734672 0.0145521 0.044503 9.9991E-05 0.00660854
0.0708226 9.99639E-05 0.600909 0.327869 9.99639E-05 9.99639E-05 9.99639E-05
9.9973E-05 9.9973E-05 0.320963 0.355775 9.9973E-05 0.16715 0.155812
0.00885824 0.00675682 9.9982E-05 9.9982E-05 0.0161023 0.192502 0.77558
0.0392899 0.0161056 0.774266 0.124271 0.045867 9.9982E-05 9.9982E-05
0.140868 0.00111146 0.605135 0.228535 9.9991E-05 0.00562151 0.0186295
9.9973E-05 0.0254928 9.9973E-05 9.9973E-05 0.861968 0.0208999 0.0913389
9.9955E-05 9.9955E-05 9.9955E-05 9.9955E-05 0.910744 0.0887567 9.9955E-05
0.0234971 0.00360818 9.9982E-05 9.9982E-05 0.438112 0.0301948 0.504388
0.00802099 0.00602414 0.0739914 0.00418365 0.280739 9.9991E-05 0.62694
9.9973E-05 0.0331457 9.9973E-05 9.9973E-05 0.700145 0.179316 0.0870925
0.058542 0.0151577 0.0236764 0.0307443 0.0803815 0.00130937 0.790189
0.027627 9.9982E-05 0.0114163 9.9982E-05 0.321818 0.0484962 0.590443
9.9955E-05 9.9955E-05 0.0134509 9.9955E-05 0.986049 9.9955E-05 9.9955E-05
9.9973E-05 0.00928809 0.0238762 9.9973E-05 0.849564 9.9973E-05 0.116972
0.0840665 9.9973E-05 0.0408572 9.9973E-05 0.607938 9.9973E-05 0.266838
0.0167417 0.0220254 9.9991E-05 0.0278096 0.0459273 0.0301704 0.857226
0.0217101 0.0181848 0.0755625 9.9982E-05 0.545077 9.9982E-05 0.339266
0.0131284 9.9973E-05 9.9973E-05 9.9973E-05 0.195208 0.132864 0.6585
0.0719962 9.9973E-05 0.0102793 9.9973E-05 0.571658 9.9973E-05 0.345766
9.9982E-05 0.023006 0.165321 0.015728 0.172048 9.9982E-05 0.623697
9.99639E-05 0.00582281 9.99639E-05 9.99639E-05 9.99639E-05 0.973555 0.0202225
9.9982E-05 0.019756 0.015486 9.9982E-05 0.0606401 0.686653 0.217265
9.99639E-05 0.0102105 9.99639E-05 9.99639E-05 0.22712 0.762269 9.99639E-05
0.0112796 9.9973E-05 0.0102608 0.00456779 0.973592 9.9973E-05 9.9973E-05
9.9973E-05 0.0149739 9.9973E-05 9.9973E-05 0.530757 0.348443 0.105525
9.9964E-05 0.0128183 9.9964E-05 9.9964E-05 9.9964E-05 0.593266 0.393516
9.9973E-05 0.0127456 9.9973E-05 0.00460101 0.92602 0.0563339 9.9973E-05
0.00939504 0.00631182 0.0384548 9.9991E-05 0.330802 0.0652101 0.549726
0.0536913 0.0118211 9.9973E-05 0.0511662 9.9973E-05 9.9973E-05 0.883021
0.1138 0.0215006 0.114702 0.0592414 0.0361904 0.0153553 0.63921
0.0671976 0.00605682 0.160148 0.020475 0.260573 9.9991E-05 0.48545
9.99639E-05 9.99639E-05 9.99639E-05 9.99639E-05 0.0671124 0.91959 0.0128978
0.0775241 9.9973E-05 0.0324219 0.0436756 9.9973E-05 9.9973E-05 0.846078
0.137661 0.0125062 0.472421 9.999E-05 0.138998 0.0273846 0.21093
0.115242 9.9973E-05 0.632977 0.0817902 9.9973E-05 9.9973E-05 0.169691
0.0751574 0.00371158 0.768916 9.9991E-05 0.00401283 0.0280238 0.120078
0.0939479 0.010471 0.189974 0.0304599 0.19872 9.9991E-05 0.476328
9.9982E-05 0.0114393 0.0311296 0.0221736 0.142033 9.9982E-05 0.793025
0.077807 0.00166403 0.00179407 0.014912 0.148043 9.9991E-05 0.75568
0.041763 0.0147547 0.0144659 0.0119529 0.129725 0.00260666 0.784732
9.9982E-05 0.0110583 0.102798 0.0064128 0.242063 9.9982E-05 0.637468
0.00545469 0.00853804 0.0351633 9.9991E-05 0.180831 0.0082884 0.761624
0.23263 0.00902008 0.743638 9.9973E-05 9.9973E-05 9.9973E-05 0.0144117
0.0858321 9.99639E-05 0.664508 0.24926 9.99639E-05 9.99639E-05 9.99639E-05
0.235642 9.99639E-05 0.526392 0.237567 9.99639E-05 9.99639E-05 9.99639E-05
0.287639 9.9973E-05 0.66177 0.0419764 0.00831408 9.9973E-05 9.9973E-05
0.37855 9.9973E-05 0.517623 0.0679565 9.9973E-05 9.9973E-05 0.0355699
0.158059 9.9964E-05 0.688452 0.153089 9.9964E-05 9.9964E-05 9.9964E-05
0.175834 0.00264308 0.7776 0.0378601 9.9982E-05 0.00586274 9.9982E-05
0.25908 9.9964E-05 0.540747 0.199773 9.9964E-05 9.9964E-05 9.9964E-05
0.0547195 9.99639E-05 0.480754 0.464127 9.99639E-05 9.99639E-05 9.99639E-05
0.319408 9.9964E-05 0.571208 0.108985 9.9964E-05 9.9964E-05 9.9964E-05
0.309959 9.9955E-05 0.689541 9.9955E-05 9.9955E-05 9.9955E-05 9.9955E-05
0.337908 0.00173313 0.631562 0.00532718 0.0126173 0.00475516 0.0060978
0.0117608 0.00828214 0.0130911 9.9982E-05 9.9982E-05 0.121362 0.845304
9.9973E-05 0.0415686 9.9973E-05 9.9973E-05 0.0235758 0.318993 0.615563
0.0760458 0.0101018 9.9973E-05 9.9973E-05 0.353044 9.9973E-05 0.560509
9.995E-05 0.9994 9.995E-05 9.995E-05 9.995E-05 9.995E-05 9.995E-05
9.9982E-05 0.0528736 9.9982E-05 0.0119963 0.189064 0.0564276 0.689438
0.0193345 0.576194 0.116362 9.99729E-05 9.99729E-05 9.99729E-05 0.28781
9.9982E-05 0.0371953 0.0122947 0.0347439 9.9982E-05 0.54105 0.374516
9.9973E-05 0.0730131 9.9973E-05 9.9973E-05 0.239027 0.34184 0.345819
9.995E-05 0.9994 9.995E-05 9.995E-05 9.995E-05 9.995E-05 9.995E-05
9.9973E-05 0.0952937 9.9973E-05 0.0651045 9.9973E-05 0.402702 0.4366
9.9982E-05 0.0442372 9.9982E-05 0.000829051 0.156619 0.0783422 0.719773
9.9964E-05 0.0889234 9.9964E-05 9.9964E-05 9.9964E-05 0.191125 0.719551
