0.746774 0.000010 0.253206 0.000010
0.945401 0.000010 0.054579 0.000010
0.772148 0.000010 0.063294 0.164549
0.557334 0.387675 0.030355 0.024636
0.461721 0.297566 0.032600 0.208113
0.567517 0.349245 0.083228 0.000010
0.906424 0.000010 0.093556 0.000010
0.000010 0.000010 0.000010 0.999970
0.000010 0.000010 0.000010 0.999970
0.000010 0.000010 0.110967 0.889013
0.000010 0.000010 0.000010 0.999970
0.000010 0.000010 0.217858 0.782122
0.000010 0.000010 0.000010 0.999970
0.000010 0.000010 0.276800 0.723180
0.000010 0.000010 0.636531 0.363449
0.000010 0.000010 0.525866 0.474114
0.000010 0.036153 0.342049 0.621788
0.000010 0.000010 0.575073 0.424907
0.000010 0.000010 0.743649 0.256331
0.000010 0.000010 0.704791 0.295189
0.000010 0.000010 0.721036 0.278944
0.000010 0.000010 0.620341 0.379639
0.000010 0.000010 0.999970 0.000010
0.000010 0.000010 0.999970 0.000010
0.000010 0.000010 0.999970 0.000010
0.000010 0.023935 0.600349 0.375706
0.000010 0.000010 0.621737 0.378243
0.072472 0.000010 0.605972 0.321547
0.000010 0.999970 0.000010 0.000010
0.449870 0.547180 0.000010 0.002940
0.000010 0.999970 0.000010 0.000010
0.000010 0.218191 0.653384 0.128416
0.999970 0.000010 0.000010 0.000010
0.043549 0.000010 0.595308 0.361133
0.364995 0.211341 0.345791 0.077872
0.000010 0.000010 0.711974 0.288006
0.094985 0.000010 0.349669 0.555335
0.000010 0.000010 0.999970 0.000010
0.000018 0.000010 0.654500 0.345472
0.000010 0.999970 0.000010 0.000010
0.990019 0.000010 0.009961 0.000010
0.000010 0.000010 0.000010 0.999970
0.000010 0.000010 0.000010 0.999970
0.000010 0.000010 0.000010 0.999970
0.000010 0.000010 0.213871 0.786109
0.000010 0.000010 0.000010 0.999970
0.000010 0.000010 0.000010 0.999970
0.000010 0.000010 0.000010 0.999970
0.000010 0.000010 0.000010 0.999970
0.578383 0.421597 0.000010 0.000010
0.562832 0.427504 0.009654 0.000010
0.577805 0.410503 0.000010 0.011682
0.593378 0.406602 0.000010 0.000010
0.629003 0.313208 0.057779 0.000010
0.529573 0.417350 0.053067 0.000010
0.499335 0.496714 0.003941 0.000010
0.760565 0.213373 0.000010 0.026052
0.000010 0.999970 0.000010 0.000010
0.553738 0.445117 0.001135 0.000010
0.487021 0.512959 0.000010 0.000010
0.535478 0.464502 0.000010 0.000010
0.588838 0.393514 0.017638 0.000010
0.438349 0.561631 0.000010 0.000010
0.727906 0.243960 0.028124 0.000010
0.637556 0.362424 0.000010 0.000010
0.545818 0.454162 0.000010 0.000010
0.691433 0.308547 0.000010 0.000010
0.443754 0.556226 0.000010 0.000010
0.484899 0.506610 0.000010 0.008481
0.671067 0.328913 0.000010 0.000010
0.722942 0.277038 0.000010 0.000010
0.000010 0.999970 0.000010 0.000010
0.999970 0.000010 0.000010 0.000010
0.684433 0.301039 0.000010 0.014518
0.691156 0.291560 0.000010 0.017274
0.599986 0.395157 0.004847 0.000010
0.000010 0.999970 0.000010 0.000010
0.706364 0.293616 0.000010 0.000010
0.694602 0.296320 0.009068 0.000010
0.999970 0.000010 0.000010 0.000010
0.000010 0.000010 0.152031 0.847949
0.000010 0.000010 0.147546 0.852434
0.000010 0.000010 0.273474 0.726506
0.000010 0.000010 0.249029 0.750951
0.000010 0.000010 0.211269 0.788711
0.000010 0.000010 0.181199 0.818781
0.000010 0.000010 0.000010 0.999970
0.413692 0.586288 0.000010 0.000010
0.722449 0.277531 0.000010 0.000010
0.398517 0.601463 0.000010 0.000010
0.000010 0.999970 0.000010 0.000010
0.502033 0.497947 0.000010 0.000010
0.669031 0.330949 0.000010 0.000010
0.459271 0.540709 0.000010 0.000010
0.999970 0.000010 0.000010 0.000010
0.644525 0.353349 0.000010 0.002117
0.444826 0.555154 0.000010 0.000010
0.000010 0.000010 0.798716 0.201264
0.000010 0.000010 0.999970 0.000010
0.000010 0.000010 0.531856 0.468124
0.000010 0.000010 0.730060 0.269920
0.000010 0.000010 0.999970 0.000010
0.000010 0.000010 0.999970 0.000010
0.032163 0.000010 0.814166 0.153662
0.356081 0.597519 0.046390 0.000010
0.000010 0.039241 0.913376 0.047373
0.083095 0.000010 0.790906 0.125989
0.000010 0.000010 0.923337 0.076643
0.000010 0.069980 0.815804 0.114206
0.000010 0.071522 0.845889 0.082580
0.000010 0.052560 0.722838 0.224592
0.000010 0.023579 0.892285 0.084125
0.000010 0.000010 0.999970 0.000010
0.036362 0.000010 0.750280 0.213347
0.000010 0.000010 0.850884 0.149096
0.000010 0.000010 0.405784 0.594196
0.000010 0.000010 0.637508 0.362472
0.000010 0.000010 0.282555 0.717425
0.000010 0.000010 0.334552 0.665428
0.000010 0.000010 0.180004 0.819976
0.000010 0.000010 0.000010 0.999970
0.191589 0.162722 0.539481 0.106209
0.000010 0.000010 0.830462 0.169518
0.103778 0.045582 0.570677 0.279963
0.493772 0.289820 0.118671 0.097737
0.000010 0.072656 0.829595 0.097739
0.193799 0.183909 0.573148 0.049143
0.244571 0.000010 0.672767 0.082652
0.000010 0.000010 0.116306 0.883674
0.000010 0.106590 0.893390 0.000010
0.000010 0.000010 0.813547 0.186433
0.000010 0.000010 0.999970 0.000010
0.200349 0.140890 0.491223 0.167538
0.479449 0.505034 0.004611 0.010906
0.000010 0.041462 0.958518 0.000010
0.027693 0.000010 0.880901 0.091395
0.551577 0.448403 0.000010 0.000010
0.660104 0.339871 0.000015 0.000010
0.999970 0.000010 0.000010 0.000010
0.999970 0.000010 0.000010 0.000010
0.664122 0.335858 0.000010 0.000010
0.999970 0.000010 0.000010 0.000010
0.999970 0.000010 0.000010 0.000010
0.629359 0.370621 0.000010 0.000010
0.717428 0.282552 0.000010 0.000010
0.999968 0.000010 0.000012 0.000010
0.669626 0.324229 0.000010 0.006135
0.000010 0.999970 0.000010 0.000010
0.999970 0.000010 0.000010 0.000010
0.764135 0.235845 0.000010 0.000010
0.000010 0.980619 0.019361 0.000010
0.586854 0.400102 0.000010 0.013034
0.576659 0.389289 0.034043 0.000010
0.665853 0.334127 0.000010 0.000010
0.498200 0.501780 0.000010 0.000010
0.703871 0.284727 0.000010 0.011392
0.701087 0.281642 0.000010 0.017261
0.513606 0.478457 0.007926 0.000010
0.999970 0.000010 0.000010 0.000010
0.999970 0.000010 0.000010 0.000010
0.000010 0.999970 0.000010 0.000010
0.999970 0.000010 0.000010 0.000010
0.631179 0.368801 0.000010 0.000010
0.252514 0.000010 0.650978 0.096498
0.146365 0.000010 0.728832 0.124793
0.000010 0.000010 0.999970 0.000010
0.000010 0.986327 0.013653 0.000010
0.999970 0.000010 0.000010 0.000010
0.999970 0.000010 0.000010 0.000010
0.999970 0.000010 0.000010 0.000010
0.000010 0.999970 0.000010 0.000010
0.000010 0.999970 0.000010 0.000010
0.002553 0.000010 0.650669 0.346768
0.000016 0.000010 0.803896 0.196078
0.000014 0.000010 0.620910 0.379066
0.000010 0.000010 0.648509 0.351471
0.000015 0.000010 0.581651 0.418324
0.000010 0.000010 0.703379 0.296601
0.000010 0.000010 0.745847 0.254133
0.000010 0.000010 0.564979 0.435001
0.000010 0.000010 0.725197 0.274783
0.000010 0.000010 0.636987 0.362993
0.000010 0.000010 0.435982 0.563998
0.000010 0.000010 0.440309 0.559671
0.395815 0.604165 0.000010 0.000010
0.000010 0.999970 0.000010 0.000010
0.000010 0.999970 0.000010 0.000010
0.374035 0.625945 0.000010 0.000010
0.000010 0.999970 0.000010 0.000010
0.454490 0.468273 0.077228 0.000010
0.570411 0.429565 0.000014 0.000010
0.403942 0.502504 0.080336 0.013218
0.000010 0.999970 0.000010 0.000010
0.000010 0.999970 0.000010 0.000010
