0.446988 0.000010 0.099544 0.129532 0.081009 0.242907 0.000010
0.000010 0.000010 0.000010 0.000010 0.999940 0.000010 0.000010
0.000010 0.000010 0.000010 0.000010 0.999940 0.000010 0.000010
0.641478 0.000010 0.111315 0.151832 0.043137 0.034834 0.017394
0.000010 0.000010 0.000016 0.000010 0.999934 0.000010 0.000010
0.586733 0.000010 0.126512 0.042681 0.191574 0.052481 0.000010
0.000010 0.000010 0.000010 0.000010 0.999940 0.000010 0.000010
0.000010 0.000014 0.000012 0.000010 0.000010 0.000010 0.999933
0.000010 0.100753 0.000010 0.000018 0.000010 0.000010 0.899189
0.000010 0.290679 0.000010 0.000010 0.000010 0.000010 0.709271
0.000010 0.211122 0.000010 0.000010 0.000010 0.000010 0.788828
0.000010 0.000010 0.000010 0.000010 0.000017 0.000010 0.999933
0.000010 0.382007 0.000010 0.000010 0.000010 0.000010 0.617943
0.000010 0.000010 0.000010 0.000010 0.000010 0.000010 0.999940
0.000010 0.197462 0.000010 0.000010 0.000010 0.000010 0.802488
0.000010 0.000010 0.000010 0.000010 0.000010 0.000010 0.999940
0.000013 0.225363 0.000010 0.000010 0.000010 0.364355 0.410240
0.000010 0.000010 0.000010 0.000010 0.000010 0.000010 0.999940
0.000010 0.337134 0.000010 0.000011 0.000010 0.375603 0.287223
0.000010 0.103755 0.000010 0.000010 0.000010 0.267885 0.628320
0.000010 0.000010 0.000010 0.000010 0.000010 0.289411 0.710539
0.000010 0.216844 0.000010 0.000010 0.000010 0.583707 0.199409
0.000010 0.190237 0.000010 0.000010 0.000010 0.315648 0.494075
0.000010 0.095593 0.000010 0.000010 0.000010 0.904357 0.000010
0.000010 0.000010 0.000010 0.000010 0.000010 0.999940 0.000010
0.000010 0.066215 0.000010 0.000010 0.000010 0.727103 0.206642
0.013344 0.162835 0.000010 0.000010 0.000010 0.177112 0.646679
0.000010 0.140529 0.000010 0.000014 0.000010 0.425684 0.433742
0.000010 0.202649 0.000010 0.000010 0.104420 0.260274 0.432626
0.986206 0.000010 0.013744 0.000010 0.000010 0.000011 0.000010
0.903917 0.000010 0.006645 0.000010 0.089399 0.000010 0.000010
0.686563 0.000010 0.144508 0.000010 0.168888 0.000010 0.000010
0.000010 0.000010 0.211250 0.000010 0.000010 0.530922 0.257787
0.000010 0.000010 0.000010 0.999940 0.000010 0.000010 0.000010
0.000012 0.000010 0.000010 0.000010 0.000010 0.999938 0.000010
0.000010 0.204169 0.000010 0.000010 0.000010 0.795781 0.000010
0.352683 0.021625 0.055561 0.072147 0.114059 0.226103 0.157822
0.000010 0.334955 0.000010 0.000010 0.000010 0.664995 0.000010
0.000010 0.209240 0.000010 0.079041 0.000010 0.463375 0.248314
0.000010 0.000010 0.000010 0.000010 0.000010 0.999940 0.000010
0.000010 0.239510 0.000010 0.000010 0.000010 0.760440 0.000010
0.714718 0.000010 0.194164 0.089764 0.000010 0.000010 0.001324
0.000010 0.000010 0.000010 0.999940 0.000010 0.000010 0.000010
0.000010 0.999933 0.000010 0.000017 0.000010 0.000010 0.000010
0.000010 0.999933 0.000010 0.000017 0.000010 0.000010 0.000010
0.000010 0.999940 0.000010 0.000010 0.000010 0.000010 0.000010
0.000010 0.999940 0.000010 0.000010 0.000010 0.000010 0.000010
0.000010 0.999940 0.000010 0.000010 0.000010 0.000010 0.000010
0.000010 0.999940 0.000010 0.000010 0.000010 0.000010 0.000010
0.000010 0.999940 0.000010 0.000010 0.000010 0.000010 0.000010
0.000010 0.808556 0.000010 0.000010 0.000010 0.000010 0.191394
0.000010 0.999940 0.000010 0.000010 0.000010 0.000010 0.000010
0.000010 0.999940 0.000010 0.000010 0.000010 0.000010 0.000010
0.000010 0.999940 0.000010 0.000010 0.000010 0.000010 0.000010
0.687131 0.000010 0.100536 0.129310 0.082994 0.000010 0.000010
0.718362 0.000010 0.078173 0.146204 0.056282 0.000958 0.000010
0.707127 0.000010 0.096884 0.096115 0.099844 0.000010 0.000010
0.651018 0.000010 0.101231 0.189250 0.058471 0.000010 0.000010
0.570682 0.000010 0.072643 0.197185 0.120731 0.038739 0.000010
0.607197 0.000010 0.109460 0.143718 0.098318 0.041288 0.000010
0.678198 0.000010 0.137551 0.121188 0.063034 0.000010 0.000010
0.645317 0.000010 0.000010 0.244120 0.103708 0.000010 0.006825
0.000010 0.000010 0.000010 0.000010 0.999940 0.000010 0.000010
0.658690 0.000010 0.090624 0.188968 0.061687 0.000010 0.000010
0.000010 0.000010 0.000010 0.999940 0.000010 0.000010 0.000010
0.711572 0.000010 0.105354 0.119408 0.063636 0.000010 0.000010
0.977673 0.000010 0.000010 0.000010 0.000010 0.022277 0.000010
0.910888 0.000010 0.056212 0.032860 0.000010 0.000010 0.000010
0.911202 0.000010 0.002655 0.000010 0.053472 0.032641 0.000010
0.871951 0.000010 0.017039 0.110970 0.000010 0.000010 0.000010
0.976876 0.000010 0.023074 0.000010 0.000010 0.000010 0.000010
0.717346 0.000010 0.114394 0.168221 0.000010 0.000010 0.000010
0.856110 0.000010 0.066153 0.077697 0.000010 0.000010 0.000010
0.829565 0.000011 0.059266 0.003140 0.107998 0.000010 0.000010
0.671135 0.000010 0.106424 0.187735 0.034676 0.000010 0.000010
0.797311 0.000010 0.109471 0.070728 0.022460 0.000010 0.000010
0.000010 0.000010 0.999940 0.000010 0.000010 0.000010 0.000010
0.865728 0.000010 0.000010 0.079012 0.055220 0.000010 0.000010
0.648513 0.011192 0.107645 0.201623 0.031007 0.000010 0.000010
0.000010 0.000010 0.999940 0.000010 0.000010 0.000010 0.000010
0.735302 0.000010 0.004040 0.215376 0.045252 0.000010 0.000010
0.961938 0.000010 0.000010 0.000010 0.000010 0.038012 0.000010
0.618113 0.000010 0.074822 0.188756 0.118279 0.000010 0.000010
0.740107 0.000010 0.085258 0.066765 0.107840 0.000010 0.000010
0.624623 0.000010 0.000010 0.285541 0.089796 0.000010 0.000010
0.000010 0.287460 0.000010 0.000010 0.000010 0.000010 0.712490
0.000010 0.343123 0.000010 0.000010 0.000010 0.029317 0.627520
0.000018 0.369187 0.000010 0.000010 0.000010 0.154172 0.476593
0.000010 0.440079 0.000010 0.000010 0.000010 0.189351 0.370530
0.000010 0.280773 0.000010 0.000010 0.000010 0.000010 0.719177
0.000010 0.301067 0.000010 0.000010 0.000010 0.000010 0.698883
0.000014 0.999936 0.000010 0.000010 0.000010 0.000010 0.000010
0.909347 0.000010 0.087881 0.002732 0.000010 0.000010 0.000010
0.896240 0.000019 0.041617 0.062094 0.000010 0.000010 0.000010
0.877018 0.000010 0.071494 0.000010 0.051449 0.000010 0.000010
0.840121 0.000010 0.081551 0.078288 0.000010 0.000010 0.000010
0.964559 0.000010 0.035391 0.000010 0.000010 0.000010 0.000010
0.999940 0.000010 0.000010 0.000010 0.000010 0.000010 0.000010
0.893011 0.000010 0.106939 0.000010 0.000010 0.000010 0.000010
0.999940 0.000010 0.000010 0.000010 0.000010 0.000010 0.000010
0.907363 0.000010 0.000010 0.019939 0.072658 0.000010 0.000010
0.851609 0.000010 0.148341 0.000010 0.000010 0.000010 0.000010
0.000010 0.000010 0.000010 0.000010 0.000010 0.000010 0.999940
0.000010 0.000010 0.000010 0.000010 0.000010 0.445882 0.554068
0.000010 0.131660 0.000010 0.000010 0.000010 0.218855 0.649445
0.000010 0.000010 0.000010 0.000010 0.000010 0.000010 0.999940
0.000010 0.000010 0.029585 0.000010 0.000010 0.544914 0.425461
0.000010 0.000010 0.000010 0.000010 0.000010 0.510056 0.489894
0.000010 0.000010 0.030435 0.000010 0.000010 0.522198 0.447327
0.762438 0.000010 0.137908 0.036728 0.005840 0.057067 0.000010
0.000010 0.000010 0.000010 0.000010 0.054594 0.329540 0.615826
0.000010 0.081325 0.000010 0.000010 0.109363 0.488028 0.321254
0.000010 0.060062 0.000010 0.000010 0.000010 0.526789 0.413109
0.000010 0.000010 0.000010 0.000010 0.000010 0.999940 0.000010
0.000010 0.048749 0.000010 0.000010 0.082132 0.612000 0.257088
0.000010 0.072163 0.000018 0.000010 0.052512 0.477916 0.397371
0.000010 0.041253 0.019355 0.000010 0.018149 0.494064 0.427158
0.000010 0.000010 0.000010 0.000010 0.000010 0.595617 0.404333
0.040361 0.042102 0.000010 0.000010 0.000010 0.362372 0.555135
0.000010 0.041144 0.000010 0.000010 0.000010 0.157446 0.801370
0.000010 0.083920 0.000010 0.000010 0.000010 0.000010 0.916030
0.000010 0.145850 0.000010 0.000010 0.000010 0.343752 0.510358
0.000010 0.313508 0.000010 0.000010 0.000010 0.192459 0.493992
0.000010 0.380604 0.000010 0.000010 0.000010 0.263992 0.355364
0.000013 0.297872 0.000017 0.000010 0.000010 0.000010 0.702068
0.000010 0.713778 0.000010 0.000010 0.000010 0.286172 0.000010
0.203193 0.000010 0.032391 0.086727 0.039392 0.298024 0.340263
0.000010 0.013994 0.000010 0.000010 0.017856 0.431794 0.536326
0.093919 0.137339 0.019011 0.004285 0.039291 0.344383 0.361772
0.000010 0.000010 0.000010 0.000010 0.999940 0.000010 0.000010
0.000010 0.081715 0.000010 0.048366 0.000010 0.869879 0.000010
0.000010 0.171698 0.000010 0.000010 0.499846 0.328416 0.000010
0.000010 0.096462 0.000010 0.000010 0.293624 0.498914 0.110969
0.000010 0.498018 0.000010 0.000010 0.000010 0.135453 0.366490
0.000010 0.000010 0.000010 0.075996 0.000010 0.923954 0.000010
0.000010 0.173932 0.000010 0.000010 0.000010 0.626726 0.199302
0.000010 0.000010 0.000010 0.000010 0.000010 0.583631 0.416319
0.185960 0.051937 0.056805 0.016430 0.099801 0.310554 0.278513
0.733203 0.000010 0.000010 0.202641 0.057540 0.006586 0.000010
0.000010 0.000010 0.054384 0.000010 0.000010 0.549507 0.396070
0.000010 0.000010 0.016465 0.000010 0.033898 0.360931 0.588676
0.823004 0.000010 0.061930 0.115026 0.000010 0.000010 0.000010
0.999940 0.000010 0.000010 0.000010 0.000010 0.000010 0.000010
0.957984 0.000010 0.000010 0.041966 0.000010 0.000010 0.000010
0.000010 0.000010 0.000010 0.999940 0.000010 0.000010 0.000010
0.809753 0.000014 0.106221 0.083982 0.000010 0.000010 0.000010
0.747996 0.000010 0.000010 0.251954 0.000010 0.000010 0.000010
0.828079 0.000010 0.000010 0.171871 0.000010 0.000010 0.000010
0.999940 0.000010 0.000010 0.000010 0.000010 0.000010 0.000010
0.998785 0.000010 0.001165 0.000010 0.000010 0.000010 0.000010
0.999940 0.000010 0.000010 0.000010 0.000010 0.000010 0.000010
0.000010 0.000010 0.000010 0.999940 0.000010 0.000010 0.000010
0.921356 0.000010 0.078585 0.000010 0.000019 0.000010 0.000010
0.758086 0.000010 0.000010 0.241864 0.000010 0.000010 0.000010
0.999940 0.000010 0.000010 0.000010 0.000010 0.000010 0.000010
0.000010 0.000010 0.999940 0.000010 0.000010 0.000010 0.000010
0.812913 0.008241 0.066463 0.094893 0.011734 0.000010 0.005746
0.708670 0.000010 0.116503 0.124268 0.013367 0.037172 0.000010
0.867681 0.000010 0.071753 0.060526 0.000010 0.000010 0.000010
0.999940 0.000010 0.000010 0.000010 0.000010 0.000010 0.000010
0.853270 0.009796 0.010986 0.085728 0.040199 0.000010 0.000010
0.616224 0.000010 0.111618 0.197578 0.072235 0.000010 0.002325
0.987621 0.000010 0.003331 0.000010 0.000010 0.009009 0.000010
0.952733 0.000010 0.000010 0.000010 0.047217 0.000010 0.000010
0.000010 0.000010 0.000010 0.999940 0.000010 0.000010 0.000010
0.691682 0.000010 0.308268 0.000010 0.000010 0.000010 0.000010
0.000010 0.000010 0.999940 0.000010 0.000010 0.000010 0.000010
0.715861 0.000010 0.092383 0.191715 0.000010 0.000010 0.000010
0.000010 0.000010 0.000010 0.999938 0.000010 0.000012 0.000010
0.000010 0.203850 0.000010 0.241526 0.000010 0.554584 0.000010
0.000010 0.082602 0.000010 0.000010 0.190436 0.464196 0.262737
0.000010 0.000010 0.000010 0.000010 0.000010 0.999940 0.000010
0.941679 0.000010 0.000010 0.000010 0.000010 0.031825 0.026456
0.986300 0.000010 0.000010 0.000010 0.000010 0.013650 0.000010
0.999940 0.000010 0.000010 0.000010 0.000010 0.000010 0.000010
0.999940 0.000010 0.000010 0.000010 0.000010 0.000010 0.000010
0.999940 0.000010 0.000010 0.000010 0.000010 0.000010 0.000010
0.999940 0.000010 0.000010 0.000010 0.000010 0.000010 0.000010
0.000010 0.270790 0.000010 0.000020 0.000010 0.729151 0.000010
0.000010 0.177238 0.000010 0.000010 0.000010 0.822712 0.000010
0.000010 0.307963 0.000010 0.000017 0.000010 0.691980 0.000010
0.000013 0.231113 0.000010 0.000016 0.000010 0.538954 0.229883
0.000015 0.352338 0.000010 0.000010 0.000010 0.510984 0.136633
0.000010 0.251586 0.000019 0.000010 0.000010 0.748355 0.000010
0.000010 0.153819 0.000013 0.000014 0.000010 0.635063 0.211072
0.000010 0.180727 0.000018 0.000010 0.000010 0.480438 0.338787
0.000010 0.202361 0.000010 0.000010 0.000010 0.718260 0.079339
0.000010 0.214612 0.000010 0.000010 0.000010 0.504225 0.281123
0.000010 0.401066 0.000010 0.000010 0.000010 0.598884 0.000010
0.000010 0.355727 0.000010 0.000010 0.000010 0.644223 0.000010
0.907726 0.000010 0.000010 0.092224 0.000010 0.000010 0.000010
0.788604 0.000010 0.139960 0.000010 0.071395 0.000010 0.000010
0.995869 0.000010 0.000010 0.000010 0.000010 0.000010 0.004081
0.000010 0.000010 0.999940 0.000010 0.000010 0.000010 0.000010
0.795380 0.000010 0.204570 0.000010 0.000010 0.000010 0.000010
0.000010 0.000010 0.999940 0.000010 0.000010 0.000010 0.000010
0.609791 0.000010 0.144377 0.045869 0.141184 0.058759 0.000010
0.726047 0.000010 0.114806 0.100991 0.058127 0.000010 0.000010
0.000010 0.000010 0.999940 0.000010 0.000010 0.000010 0.000010
0.668347 0.014990 0.139768 0.029462 0.074799 0.072625 0.000010
0.895410 0.000010 0.104540 0.000010 0.000010 0.000010 0.000010
0.664661 0.000010 0.281081 0.000010 0.054218 0.000010 0.000010
