0.000010 0.000010 0.250153 0.749827
0.102209 0.000010 0.066011 0.831770
0.113466 0.128624 0.100122 0.657788
0.216195 0.000010 0.056545 0.727250
0.221342 0.159315 0.083780 0.535563
0.155614 0.000010 0.083578 0.760797
0.000010 0.000010 0.095558 0.904422
0.000010 0.906738 0.093242 0.000010
0.000010 0.999970 0.000010 0.000010
0.000010 0.831967 0.168013 0.000010
0.000010 0.999970 0.000010 0.000010
0.000010 0.999970 0.000010 0.000010
0.000010 0.999970 0.000010 0.000010
0.000010 0.999970 0.000010 0.000010
0.000010 0.650689 0.349291 0.000010
0.000010 0.313267 0.686713 0.000010
0.000010 0.340828 0.659152 0.000010
0.036407 0.486096 0.477488 0.000010
0.000010 0.417165 0.582815 0.000010
0.000010 0.274108 0.725872 0.000010
0.000010 0.231049 0.768931 0.000010
0.000010 0.232138 0.767842 0.000010
0.000010 0.350581 0.649399 0.000010
0.000010 0.000861 0.999119 0.000010
0.000010 0.000010 0.999970 0.000010
0.000010 0.036569 0.963411 0.000010
0.000010 0.404779 0.568673 0.026538
0.000010 0.285278 0.714702 0.000010
0.000010 0.286775 0.636727 0.076488
0.000010 0.000010 0.000010 0.999970
0.169915 0.006160 0.000010 0.823914
0.999970 0.000010 0.000010 0.000010
0.213429 0.000010 0.786551 0.000010
0.999970 0.000010 0.000010 0.000010
0.000010 0.000010 0.947600 0.052380
0.000010 0.193964 0.771787 0.034239
0.112702 0.070203 0.352647 0.464448
0.000010 0.243851 0.756129 0.000010
0.000010 0.412747 0.493386 0.093857
0.000019 0.000010 0.999961 0.000010
0.000010 0.236971 0.763009 0.000010
0.230493 0.001611 0.000010 0.767886
0.000010 0.000010 0.020519 0.979461
0.000010 0.999970 0.000010 0.000010
0.000010 0.999970 0.000010 0.000010
0.000010 0.999970 0.000010 0.000010
0.000010 0.999970 0.000010 0.000010
0.000010 0.999970 0.000010 0.000010
0.000010 0.999970 0.000010 0.000010
0.000010 0.999970 0.000010 0.000010
0.000010 0.999970 0.000010 0.000010
0.000010 0.999969 0.000011 0.000010
0.000010 0.999970 0.000010 0.000010
0.000010 0.999970 0.000010 0.000010
0.186159 0.000010 0.000010 0.813821
0.197568 0.000010 0.010155 0.792266
0.214606 0.013010 0.000010 0.772374
0.204876 0.001083 0.000010 0.794031
0.257558 0.000010 0.058811 0.683621
0.195197 0.000010 0.054474 0.750319
0.241262 0.000010 0.006253 0.752475
0.000010 0.025744 0.000010 0.974236
0.000010 0.002629 0.016764 0.980597
0.292907 0.000010 0.001337 0.705746
0.999970 0.000010 0.000010 0.000010
0.086904 0.000010 0.000010 0.913076
0.000010 0.000010 0.018050 0.981930
0.200927 0.000010 0.000010 0.799053
0.122001 0.000010 0.031680 0.846309
0.120366 0.000010 0.000010 0.879614
0.192657 0.000010 0.000010 0.807323
0.145516 0.000010 0.000010 0.854464
0.265189 0.000010 0.000010 0.734791
0.169584 0.012265 0.000010 0.818140
0.170250 0.000010 0.000010 0.829730
0.283737 0.000010 0.000010 0.716243
0.999970 0.000010 0.000010 0.000010
0.000010 0.000010 0.000010 0.999970
0.157514 0.016259 0.000010 0.826217
0.000010 0.016287 0.000010 0.983693
0.076933 0.000010 0.004710 0.918347
0.045080 0.000010 0.038148 0.916762
0.000010 0.000010 0.000010 0.999970
0.000010 0.000010 0.007343 0.992637
0.000010 0.000010 0.000010 0.999970
0.000010 0.669777 0.330203 0.000010
0.000010 0.650884 0.349096 0.000010
0.000010 0.643521 0.356459 0.000010
0.000010 0.646992 0.352988 0.000010
0.000010 0.666236 0.333744 0.000010
0.000010 0.674727 0.325253 0.000010
0.000010 0.999970 0.000010 0.000010
0.203102 0.000010 0.000010 0.796878
0.158217 0.000010 0.000010 0.841763
0.204152 0.000010 0.000010 0.795828
0.332405 0.000010 0.000010 0.667575
0.169115 0.000010 0.000010 0.830865
0.124608 0.000010 0.000010 0.875372
0.198204 0.000010 0.000010 0.801776
0.000010 0.000010 0.000010 0.999970
0.000018 0.000010 0.000010 0.999962
0.213537 0.000010 0.000010 0.786443
0.000010 0.244301 0.755679 0.000010
0.000010 0.021905 0.978075 0.000010
0.000010 0.368822 0.631158 0.000010
0.007933 0.276851 0.715206 0.000010
0.023370 0.000010 0.976610 0.000010
0.000010 0.000010 0.999970 0.000010
0.033857 0.109147 0.856987 0.000010
0.268737 0.000010 0.049787 0.681467
0.046649 0.101718 0.851623 0.000010
0.000010 0.140813 0.769954 0.089223
0.000010 0.116059 0.883921 0.000010
0.000010 0.000010 0.952008 0.047972
0.070828 0.062607 0.866555 0.000010
0.000010 0.191840 0.757572 0.050578
0.033235 0.134490 0.832265 0.000010
0.000010 0.000010 0.999970 0.000010
0.000010 0.217345 0.739871 0.042774
0.000010 0.184597 0.815383 0.000010
0.000010 0.554354 0.445626 0.000010
0.000010 0.331028 0.668952 0.000010
0.000010 0.560140 0.439840 0.000010
0.000010 0.566867 0.433113 0.000010
0.000010 0.678389 0.321591 0.000010
0.000010 0.790905 0.209075 0.000010
0.072121 0.111079 0.532213 0.284586
0.014976 0.156587 0.828426 0.000010
0.020977 0.263583 0.584975 0.130465
0.136937 0.080987 0.136897 0.645179
0.065549 0.049196 0.880020 0.005235
0.109447 0.088185 0.529906 0.272462
0.000010 0.110359 0.640671 0.248960
0.000010 0.655348 0.344632 0.000010
0.108150 0.000010 0.891830 0.000010
0.000010 0.221507 0.778473 0.000010
0.000010 0.000680 0.999300 0.000010
0.108689 0.148198 0.509161 0.233951
0.134976 0.000010 0.020053 0.844962
0.058414 0.045555 0.896020 0.000010
0.037864 0.129976 0.832150 0.000010
0.286872 0.000010 0.000010 0.713108
0.059792 0.000010 0.000010 0.940188
0.000010 0.000010 0.000010 0.999970
0.000010 0.000010 0.000010 0.999970
0.202913 0.000011 0.000010 0.797065
0.999970 0.000010 0.000010 0.000010
0.000010 0.000010 0.000010 0.999970
0.129809 0.000010 0.000010 0.870171
0.163413 0.000010 0.000010 0.836567
0.186849 0.000020 0.000010 0.813121
0.195054 0.007348 0.000010 0.797588
0.999970 0.000010 0.000010 0.000010
0.083825 0.000010 0.000010 0.916155
0.000010 0.000010 0.000010 0.999970
0.999970 0.000010 0.000010 0.000010
0.195413 0.013485 0.000010 0.791092
0.229936 0.000010 0.035545 0.734509
0.199699 0.000010 0.000010 0.800281
0.258060 0.000010 0.000010 0.741920
0.184132 0.013847 0.000010 0.802011
0.218119 0.019217 0.000010 0.762654
0.149283 0.000010 0.008585 0.842122
0.107534 0.000010 0.000010 0.892446
0.999970 0.000010 0.000010 0.000010
0.999970 0.000010 0.000010 0.000010
0.151345 0.000010 0.000010 0.848635
0.211719 0.000010 0.000010 0.788261
0.999970 0.000010 0.000010 0.000010
0.000010 0.181352 0.556865 0.261772
0.000010 0.152983 0.696366 0.150641
0.000010 0.000010 0.998930 0.001050
0.999970 0.000010 0.000010 0.000010
0.073674 0.000010 0.011585 0.914731
0.999970 0.000010 0.000010 0.000010
0.000010 0.000010 0.000010 0.999970
0.000010 0.000010 0.000010 0.999970
0.200976 0.000011 0.000010 0.799003
0.000010 0.214740 0.785240 0.000010
0.000010 0.041700 0.958280 0.000010
0.000010 0.278881 0.721099 0.000010
0.000010 0.294902 0.705078 0.000010
0.000010 0.349967 0.650013 0.000010
0.000010 0.186367 0.813613 0.000010
0.000010 0.171412 0.828568 0.000010
0.000010 0.271563 0.728417 0.000010
0.000010 0.163026 0.836954 0.000010
0.000010 0.245541 0.754439 0.000010
0.000010 0.403816 0.596164 0.000010
0.000010 0.347674 0.652306 0.000010
0.186892 0.000010 0.000010 0.813088
0.292216 0.000010 0.002685 0.705089
0.115733 0.005711 0.000010 0.878546
0.999970 0.000010 0.000010 0.000010
0.364769 0.000010 0.000010 0.635211
0.999970 0.000010 0.000010 0.000010
0.209734 0.000010 0.078604 0.711652
0.268332 0.000010 0.000010 0.731648
0.999970 0.000010 0.000010 0.000010
0.165043 0.005779 0.089444 0.739734
0.325110 0.000010 0.000010 0.674870
0.390598 0.000010 0.000010 0.609382
