0.000010 0.768422 0.000010 0.000010 0.000010 0.231538
0.000010 0.999950 0.000010 0.000010 0.000010 0.000010
0.000010 0.803020 0.065619 0.000010 0.131331 0.000010
0.423440 0.400281 0.000010 0.123904 0.000010 0.052354
0.311655 0.450001 0.000010 0.000010 0.102486 0.135839
0.000010 0.977251 0.000010 0.000010 0.000010 0.022709
0.000010 0.964644 0.000010 0.000010 0.000010 0.035316
0.000010 0.000010 0.297791 0.000010 0.702169 0.000010
0.000010 0.000010 0.000010 0.000010 0.999950 0.000010
0.000010 0.000010 0.104843 0.000010 0.733957 0.161170
0.000010 0.000010 0.000010 0.000010 0.999950 0.000010
0.000010 0.000010 0.292994 0.000010 0.706966 0.000010
0.000010 0.000010 0.000010 0.000010 0.999950 0.000010
0.000010 0.000010 0.265024 0.000010 0.734936 0.000010
0.000010 0.000010 0.252037 0.000010 0.549087 0.198846
0.000010 0.000011 0.679573 0.000010 0.303642 0.016754
0.000010 0.000010 0.193069 0.000010 0.305828 0.501073
0.000010 0.000010 0.175121 0.032107 0.442849 0.349903
0.000010 0.000010 0.622181 0.000010 0.377779 0.000010
0.000010 0.000010 0.525245 0.000010 0.189843 0.284882
0.000010 0.000010 0.666505 0.000010 0.201688 0.131777
0.000010 0.000010 0.500644 0.000010 0.224750 0.274576
0.000010 0.000010 0.502203 0.000010 0.330625 0.167142
0.000010 0.000010 0.999950 0.000010 0.000010 0.000010
0.000010 0.000010 0.999950 0.000010 0.000010 0.000010
0.000010 0.000010 0.999950 0.000010 0.000010 0.000010
0.000010 0.000010 0.707390 0.000010 0.292570 0.000010
0.000010 0.000010 0.300466 0.000010 0.237490 0.462014
0.000010 0.063848 0.552864 0.000010 0.227681 0.155587
0.999950 0.000010 0.000010 0.000010 0.000010 0.000010
0.999950 0.000010 0.000010 0.000010 0.000010 0.000010
0.000010 0.999950 0.000010 0.000010 0.000010 0.000010
0.000010 0.000010 0.000010 0.204059 0.000010 0.795901
0.000010 0.000010 0.000010 0.999950 0.000010 0.000010
0.000010 0.000010 0.000010 0.000010 0.000010 0.999950
0.000010 0.000010 0.000010 0.000010 0.000010 0.999950
0.262048 0.260269 0.373206 0.054574 0.045922 0.003981
0.000010 0.000010 0.276260 0.000010 0.194278 0.529432
0.076555 0.000010 0.000010 0.000010 0.305285 0.618131
0.000010 0.000010 0.000010 0.000010 0.000010 0.999950
0.000010 0.000010 0.000010 0.000010 0.000010 0.999950
0.440326 0.424726 0.000010 0.134918 0.000010 0.000010
0.000010 0.999950 0.000010 0.000010 0.000010 0.000010
0.000010 0.000010 0.000010 0.000010 0.999950 0.000010
0.000010 0.000010 0.000010 0.000010 0.999950 0.000010
0.000010 0.000010 0.000010 0.000010 0.999950 0.000010
0.000010 0.000010 0.000010 0.000010 0.715594 0.284366
0.000010 0.000010 0.000010 0.000010 0.999950 0.000010
0.000010 0.000010 0.000010 0.000010 0.710188 0.289772
0.000010 0.000010 0.000010 0.000010 0.999950 0.000010
0.000010 0.000010 0.000010 0.000010 0.999950 0.000010
0.000010 0.000010 0.000010 0.000010 0.999950 0.000010
0.000010 0.000010 0.000010 0.000010 0.999950 0.000010
0.000010 0.000010 0.000010 0.000010 0.999950 0.000010
0.476125 0.436198 0.000018 0.087639 0.000010 0.000010
0.554087 0.340030 0.007376 0.098488 0.000010 0.000010
0.489366 0.408967 0.000010 0.096254 0.001772 0.003630
0.413805 0.492743 0.000010 0.093421 0.000010 0.000010
0.383704 0.430139 0.000010 0.131821 0.000010 0.054315
0.479538 0.345867 0.000010 0.122489 0.000010 0.052087
0.458566 0.380623 0.000010 0.160781 0.000010 0.000010
0.487384 0.493591 0.000010 0.000010 0.018995 0.000010
0.000010 0.999950 0.000010 0.000010 0.000010 0.000010
0.370007 0.463263 0.000010 0.166700 0.000010 0.000010
0.999950 0.000010 0.000010 0.000010 0.000010 0.000010
0.000010 0.999950 0.000010 0.000010 0.000010 0.000010
0.427713 0.566989 0.000010 0.000010 0.000010 0.005268
0.875016 0.000010 0.000010 0.124944 0.000010 0.000010
0.497157 0.429072 0.000010 0.048128 0.000010 0.025624
0.651706 0.256050 0.000010 0.092214 0.000010 0.000010
0.647232 0.252366 0.000010 0.100364 0.000018 0.000010
0.514140 0.326086 0.000015 0.159739 0.000010 0.000010
0.587442 0.216654 0.000010 0.195874 0.000010 0.000010
0.558499 0.385887 0.000010 0.050511 0.005084 0.000010
0.544836 0.372292 0.000010 0.082842 0.000010 0.000010
0.644814 0.166946 0.000010 0.188210 0.000010 0.000010
0.994387 0.000010 0.005573 0.000010 0.000010 0.000010
0.565487 0.434463 0.000020 0.000010 0.000010 0.000010
0.500026 0.364505 0.000010 0.122648 0.012802 0.000010
0.547179 0.437996 0.000010 0.000010 0.014795 0.000010
0.546376 0.429291 0.000010 0.024303 0.000010 0.000010
0.967101 0.000010 0.000010 0.000010 0.000010 0.032859
0.339472 0.660488 0.000010 0.000010 0.000010 0.000010
0.497674 0.502286 0.000010 0.000010 0.000010 0.000010
0.469223 0.530737 0.000010 0.000010 0.000010 0.000010
0.000010 0.000010 0.000010 0.000010 0.633446 0.366514
0.000010 0.000010 0.000010 0.000010 0.598423 0.401537
0.000010 0.000010 0.036729 0.000010 0.587028 0.376213
0.000010 0.000010 0.000010 0.000010 0.554191 0.445769
0.000010 0.000010 0.142172 0.000010 0.622448 0.235351
0.000010 0.000010 0.076156 0.000010 0.618009 0.305805
0.000010 0.000010 0.000010 0.000010 0.999950 0.000010
0.625515 0.270263 0.000010 0.104192 0.000010 0.000010
0.681324 0.213689 0.000010 0.104957 0.000010 0.000010
0.486018 0.400954 0.000010 0.112998 0.000010 0.000010
0.596053 0.186272 0.000011 0.217643 0.000010 0.000010
0.611691 0.237157 0.000010 0.151121 0.000010 0.000010
0.999950 0.000010 0.000010 0.000010 0.000010 0.000010
0.532731 0.259408 0.000010 0.207831 0.000010 0.000010
0.999950 0.000010 0.000010 0.000010 0.000010 0.000010
0.627784 0.297252 0.000010 0.074935 0.000010 0.000010
0.560866 0.290923 0.000010 0.148181 0.000010 0.000010
0.000010 0.000010 0.807657 0.000010 0.192303 0.000010
0.000010 0.000010 0.858090 0.000010 0.000010 0.141870
0.000010 0.000010 0.542027 0.000010 0.334834 0.123109
0.000010 0.000010 0.793004 0.000010 0.206956 0.000010
0.000010 0.000010 0.999950 0.000010 0.000010 0.000010
0.000010 0.000010 0.999940 0.000020 0.000010 0.000010
0.014781 0.000010 0.700009 0.000010 0.062838 0.222353
0.553808 0.256321 0.000010 0.138556 0.000010 0.051294
0.000010 0.000010 0.990373 0.009587 0.000010 0.000010
0.000010 0.068044 0.900068 0.000010 0.031859 0.000010
0.000010 0.000010 0.917122 0.000010 0.082838 0.000010
0.000010 0.000010 0.000010 0.000010 0.000010 0.999950
0.000010 0.059765 0.653974 0.000010 0.003516 0.282725
0.000010 0.042170 0.390488 0.000010 0.132395 0.434926
0.000010 0.000010 0.865822 0.000010 0.043440 0.090708
0.000010 0.000010 0.999949 0.000011 0.000010 0.000010
0.019116 0.000010 0.697405 0.000010 0.144834 0.138625
0.000010 0.000010 0.781850 0.000010 0.141691 0.076429
0.000010 0.000010 0.507891 0.000010 0.492069 0.000010
0.000010 0.000010 0.516533 0.000010 0.270409 0.213027
0.000010 0.000010 0.000010 0.000010 0.464755 0.535205
0.000010 0.000010 0.096466 0.000010 0.483629 0.419874
0.000010 0.000010 0.106373 0.000010 0.609433 0.284164
0.000010 0.000010 0.000010 0.000010 0.662485 0.337475
0.189653 0.142712 0.538227 0.017819 0.064023 0.047566
0.000011 0.000010 0.709232 0.000010 0.106627 0.184109
0.097014 0.049456 0.446167 0.000010 0.211904 0.195450
0.405599 0.334171 0.064657 0.044435 0.044347 0.106791
0.043457 0.000010 0.511029 0.019583 0.016351 0.409570
0.222420 0.081854 0.285148 0.072648 0.028752 0.309177
0.000010 0.246199 0.569403 0.000010 0.052999 0.131379
0.000010 0.000010 0.000010 0.000010 0.515839 0.484121
0.000016 0.000017 0.626583 0.096871 0.000010 0.276502
0.000010 0.000010 0.540355 0.000010 0.177021 0.282594
0.000015 0.000012 0.999944 0.000010 0.000010 0.000010
0.088066 0.192596 0.347667 0.058855 0.086682 0.226136
0.479485 0.514670 0.000010 0.000010 0.000010 0.005815
0.000010 0.000010 0.999950 0.000010 0.000010 0.000010
0.000010 0.000010 0.999950 0.000010 0.000010 0.000010
0.627923 0.191453 0.000010 0.180595 0.000010 0.000010
0.999950 0.000010 0.000010 0.000010 0.000010 0.000010
0.999950 0.000010 0.000010 0.000010 0.000010 0.000010
0.999950 0.000010 0.000010 0.000010 0.000010 0.000010
0.716659 0.172394 0.000010 0.110918 0.000010 0.000010
0.999950 0.000010 0.000010 0.000010 0.000010 0.000010
0.999950 0.000010 0.000010 0.000010 0.000010 0.000010
0.901502 0.000010 0.000010 0.098458 0.000010 0.000010
0.809795 0.000010 0.000010 0.190165 0.000010 0.000010
0.000010 0.000010 0.000010 0.999950 0.000010 0.000010
0.000010 0.746477 0.000010 0.253483 0.000010 0.000010
0.000010 0.000010 0.000010 0.999950 0.000010 0.000010
0.668930 0.290011 0.000010 0.041029 0.000010 0.000010
0.999950 0.000010 0.000010 0.000010 0.000010 0.000010
0.957700 0.000010 0.000010 0.000010 0.000010 0.042260
0.609679 0.250100 0.000010 0.128061 0.012140 0.000010
0.556451 0.266104 0.000010 0.143568 0.000010 0.033857
0.696088 0.206002 0.000018 0.097872 0.000010 0.000010
0.846259 0.000010 0.000010 0.153701 0.000010 0.000010
0.643716 0.243776 0.000010 0.100179 0.001552 0.010768
0.585959 0.281262 0.000010 0.115693 0.017067 0.000010
0.832625 0.000010 0.000010 0.163632 0.000010 0.003713
0.999950 0.000010 0.000010 0.000010 0.000010 0.000010
0.000010 0.000010 0.000013 0.999947 0.000010 0.000010
0.000010 0.999950 0.000010 0.000010 0.000010 0.000010
0.999950 0.000010 0.000010 0.000010 0.000010 0.000010
0.601680 0.290053 0.000010 0.108238 0.000010 0.000010
0.000010 0.000010 0.000010 0.999950 0.000010 0.000010
0.249517 0.000010 0.615718 0.000010 0.134735 0.000010
0.000010 0.147608 0.316373 0.000010 0.061976 0.474023
0.000010 0.000010 0.000010 0.000010 0.000010 0.999950
0.000010 0.999950 0.000010 0.000010 0.000010 0.000010
0.000010 0.999950 0.000010 0.000010 0.000010 0.000010
0.000010 0.999950 0.000010 0.000010 0.000010 0.000010
0.999950 0.000010 0.000010 0.000010 0.000010 0.000010
0.518464 0.452082 0.000010 0.029415 0.000019 0.000010
0.000010 0.999950 0.000010 0.000010 0.000010 0.000010
0.000010 0.000010 0.000010 0.000010 0.000010 0.999950
0.000010 0.000010 0.000010 0.000010 0.000010 0.999950
0.000010 0.000010 0.000010 0.000010 0.094277 0.905683
0.000010 0.000010 0.000010 0.000010 0.205959 0.794001
0.000010 0.000010 0.153653 0.000010 0.267026 0.579291
0.000010 0.000010 0.000010 0.000010 0.008659 0.991301
0.000010 0.000010 0.000010 0.000010 0.000010 0.999950
0.000010 0.000010 0.039821 0.000010 0.183123 0.777026
0.000010 0.000010 0.000010 0.000010 0.056252 0.943708
0.000010 0.000010 0.066546 0.000010 0.208719 0.724705
0.000010 0.000010 0.000010 0.000010 0.220325 0.779635
0.000010 0.000018 0.000010 0.000010 0.172775 0.827177
0.557842 0.442118 0.000010 0.000010 0.000010 0.000010
0.333045 0.391663 0.000010 0.275262 0.000010 0.000010
0.000010 0.999950 0.000010 0.000010 0.000010 0.000010
0.000010 0.000010 0.000010 0.999950 0.000010 0.000010
0.302690 0.438796 0.000010 0.258484 0.000010 0.000010
0.000010 0.000010 0.000010 0.999950 0.000010 0.000010
0.386229 0.418096 0.071692 0.123963 0.000010 0.000010
0.434219 0.326973 0.000010 0.238778 0.000010 0.000010
0.000010 0.000010 0.000010 0.999950 0.000010 0.000010
0.414255 0.331584 0.029880 0.161776 0.001561 0.060943
0.000010 0.000010 0.000010 0.999950 0.000010 0.000010
0.307094 0.429618 0.000010 0.263256 0.000012 0.000010
