0.000010 0.750917 0.249053 0.000010 0.000010
0.000010 0.031345 0.070989 0.897646 0.000010
0.091191 0.100450 0.032406 0.668450 0.107504
0.000010 0.178065 0.059588 0.762326 0.000010
0.000010 0.110492 0.148416 0.640315 0.100767
0.000010 0.999960 0.000010 0.000010 0.000010
0.000010 0.165483 0.097883 0.736615 0.000010
0.304526 0.000010 0.000010 0.000010 0.695444
0.000010 0.000010 0.000010 0.000010 0.999960
0.113458 0.000010 0.156316 0.000010 0.730206
0.000010 0.000010 0.000010 0.000010 0.999960
0.297987 0.000010 0.000010 0.000010 0.701983
0.000010 0.000010 0.000010 0.000010 0.999960
0.271246 0.000010 0.000010 0.000010 0.728724
0.253014 0.000010 0.197534 0.000010 0.549432
0.680372 0.000010 0.022010 0.000010 0.297598
0.192781 0.000010 0.501991 0.000010 0.305208
0.175132 0.031415 0.357172 0.000010 0.436271
0.624113 0.000010 0.000010 0.000010 0.375857
0.517843 0.000010 0.298393 0.000010 0.183744
0.671452 0.000010 0.131016 0.000010 0.197512
0.500327 0.000010 0.279375 0.000010 0.220278
0.505367 0.000010 0.166210 0.000010 0.328403
0.999960 0.000010 0.000010 0.000010 0.000010
0.999960 0.000010 0.000010 0.000010 0.000010
0.999960 0.000010 0.000010 0.000010 0.000010
0.709634 0.000010 0.000010 0.000010 0.290336
0.297907 0.000010 0.465379 0.000010 0.236694
0.545198 0.061718 0.164225 0.000010 0.228850
0.000010 0.999960 0.000010 0.000010 0.000010
0.000010 0.085368 0.000010 0.906528 0.008083
0.000010 0.999960 0.000010 0.000010 0.000010
0.000010 0.212029 0.787941 0.000010 0.000010
0.000010 0.000010 0.000010 0.999960 0.000010
0.000010 0.000010 0.999960 0.000010 0.000010
0.000010 0.000010 0.999960 0.000010 0.000010
0.385677 0.089202 0.001570 0.482151 0.041400
0.273093 0.000010 0.533705 0.000010 0.193181
0.000010 0.000010 0.616502 0.077411 0.306067
0.000010 0.000010 0.999960 0.000010 0.000010
0.000010 0.000010 0.999960 0.000010 0.000010
0.000010 0.239703 0.000010 0.760267 0.000010
0.000010 0.221414 0.022374 0.756191 0.000010
0.000010 0.000010 0.000010 0.000010 0.999960
0.000010 0.000010 0.000010 0.000010 0.999960
0.000010 0.000010 0.000010 0.000010 0.999960
0.000010 0.000010 0.289054 0.000010 0.710916
0.000010 0.000010 0.000010 0.000010 0.999960
0.000010 0.000010 0.295097 0.000010 0.704873
0.000010 0.000010 0.000010 0.000010 0.999960
0.000010 0.000010 0.000010 0.000010 0.999960
0.000010 0.000010 0.000010 0.000010 0.999960
0.000010 0.000010 0.000010 0.000010 0.999960
0.000010 0.000010 0.000010 0.000010 0.999960
0.000010 0.125765 0.002640 0.871575 0.000010
0.013982 0.130358 0.000010 0.855640 0.000010
0.000010 0.164868 0.015477 0.819634 0.000010
0.000010 0.150140 0.000010 0.846133 0.003707
0.000010 0.131084 0.062634 0.806262 0.000010
0.000010 0.175223 0.056883 0.767874 0.000010
0.008441 0.154117 0.000010 0.837422 0.000010
0.000010 0.000010 0.018338 0.969478 0.012164
0.000010 0.999960 0.000010 0.000010 0.000010
0.000010 0.171626 0.006645 0.821709 0.000010
0.000010 0.000010 0.000010 0.999960 0.000010
0.000010 0.130571 0.000010 0.869399 0.000010
0.000010 0.000010 0.026691 0.973279 0.000010
0.000010 0.107636 0.000010 0.892334 0.000010
0.000010 0.097030 0.037156 0.865794 0.000010
0.000010 0.117449 0.000010 0.882521 0.000010
0.000010 0.040437 0.000010 0.959533 0.000010
0.000015 0.164665 0.000011 0.835300 0.000010
0.000010 0.173324 0.000010 0.826646 0.000010
0.005194 0.100839 0.000010 0.884332 0.009626
0.000010 0.142682 0.000010 0.857288 0.000010
0.000010 0.126220 0.000010 0.873750 0.000010
0.018640 0.067497 0.000010 0.913844 0.000010
0.000010 0.000010 0.000010 0.999960 0.000010
0.000010 0.098981 0.000010 0.883028 0.017971
0.000010 0.053149 0.000010 0.925141 0.021690
0.009510 0.087788 0.000010 0.902682 0.000010
0.000010 0.000010 0.042015 0.957955 0.000010
0.000010 0.118324 0.000010 0.881646 0.000010
0.014668 0.020454 0.000010 0.964858 0.000010
0.000010 0.000010 0.006124 0.993846 0.000010
0.000017 0.000010 0.367267 0.000010 0.632696
0.000010 0.000010 0.401304 0.000010 0.598666
0.034915 0.000010 0.379408 0.000010 0.585657
0.000010 0.000011 0.449315 0.000010 0.550654
0.139052 0.000010 0.239306 0.000010 0.621622
0.081557 0.000010 0.301987 0.000010 0.616436
0.000010 0.000010 0.000010 0.000010 0.999960
0.000010 0.162086 0.000010 0.837884 0.000010
0.000010 0.016807 0.000010 0.983163 0.000010
0.000010 0.237593 0.000010 0.762377 0.000010
0.000010 0.220592 0.000010 0.779378 0.000010
0.000010 0.176787 0.000010 0.823183 0.000010
0.000010 0.103715 0.000010 0.896255 0.000010
0.000010 0.139131 0.000010 0.860839 0.000010
0.000010 0.000010 0.000010 0.999960 0.000010
0.000010 0.053971 0.006317 0.939692 0.000010
0.000010 0.277449 0.000010 0.722521 0.000010
0.809429 0.000010 0.000010 0.000010 0.190541
0.846746 0.000010 0.153224 0.000010 0.000010
0.544743 0.000010 0.121259 0.000010 0.333978
0.792313 0.000010 0.000010 0.000010 0.207657
0.999960 0.000010 0.000010 0.000010 0.000010
0.999960 0.000010 0.000010 0.000010 0.000010
0.692465 0.017697 0.223240 0.000010 0.066587
0.000010 0.206784 0.052932 0.740264 0.000010
0.899730 0.025514 0.074736 0.000010 0.000010
0.944143 0.000010 0.000010 0.055827 0.000010
0.920949 0.000010 0.000010 0.000010 0.079021
0.000010 0.000010 0.999960 0.000010 0.000010
0.637697 0.061528 0.291753 0.000010 0.009012
0.387333 0.000010 0.436840 0.041627 0.134190
0.858425 0.000010 0.101208 0.000010 0.040347
0.999960 0.000010 0.000010 0.000010 0.000010
0.690933 0.000010 0.147398 0.019412 0.142246
0.776375 0.000010 0.085838 0.000010 0.137767
0.511774 0.000010 0.000010 0.000010 0.488196
0.515933 0.000010 0.215811 0.000010 0.268235
0.000010 0.000010 0.536764 0.000010 0.463206
0.095477 0.000010 0.421446 0.000010 0.483057
0.111416 0.000010 0.281503 0.000010 0.607061
0.000010 0.000010 0.339812 0.000010 0.660158
0.536204 0.067116 0.052572 0.280500 0.063608
0.707943 0.000010 0.187502 0.000010 0.104535
0.447496 0.023072 0.196985 0.122303 0.210144
0.069739 0.055565 0.109298 0.722774 0.042625
0.502040 0.000010 0.416514 0.063996 0.017440
0.281671 0.058126 0.313891 0.318168 0.028144
0.539187 0.026025 0.165648 0.214773 0.054367
0.000010 0.000010 0.478846 0.000010 0.521124
0.611939 0.028683 0.286015 0.073352 0.000010
0.545895 0.000010 0.279199 0.000010 0.174887
0.999960 0.000010 0.000010 0.000010 0.000010
0.345644 0.053402 0.233102 0.281424 0.086428
0.000010 0.052892 0.023788 0.923299 0.000010
0.999960 0.000010 0.000010 0.000010 0.000010
0.999960 0.000010 0.000010 0.000010 0.000010
0.000010 0.103694 0.000010 0.896276 0.000010
0.000010 0.000010 0.000010 0.999960 0.000010
0.000010 0.000010 0.000010 0.999960 0.000010
0.000010 0.000010 0.000010 0.999960 0.000010
0.000010 0.111122 0.000010 0.888848 0.000010
0.000010 0.000010 0.000010 0.999960 0.000010
0.000010 0.031767 0.000010 0.968203 0.000010
0.000010 0.003425 0.000010 0.996545 0.000010
0.000010 0.050432 0.000010 0.949538 0.000010
0.000010 0.000010 0.000010 0.999960 0.000010
0.000010 0.000010 0.000010 0.996907 0.003063
0.000010 0.208669 0.000010 0.791301 0.000010
0.000010 0.000010 0.000010 0.999960 0.000010
0.000010 0.000010 0.000010 0.999960 0.000010
0.027449 0.117202 0.026523 0.828816 0.000010
0.000010 0.130836 0.000010 0.853686 0.015459
0.000010 0.099917 0.036595 0.863468 0.000010
0.000010 0.107519 0.000010 0.892451 0.000010
0.000010 0.046834 0.000010 0.953136 0.000010
0.000010 0.091547 0.016890 0.891544 0.000010
0.000010 0.081664 0.000010 0.897977 0.020339
0.000010 0.076179 0.009799 0.914002 0.000010
0.000010 0.000010 0.000010 0.999960 0.000010
0.007581 0.000010 0.000010 0.992389 0.000010
0.000010 0.999960 0.000010 0.000010 0.000010
0.000010 0.000010 0.000010 0.999960 0.000010
0.000010 0.088129 0.000010 0.911841 0.000010
0.000010 0.000010 0.000010 0.999960 0.000010
0.603500 0.000010 0.000010 0.250293 0.146187
0.313944 0.000010 0.485800 0.141508 0.058737
0.000010 0.000010 0.999960 0.000010 0.000010
0.000010 0.999960 0.000010 0.000010 0.000010
0.000010 0.089212 0.018012 0.892757 0.000010
0.000010 0.000010 0.000010 0.999960 0.000010
0.000010 0.000010 0.000010 0.999960 0.000010
0.000010 0.213547 0.000010 0.786423 0.000010
0.000010 0.250661 0.000010 0.749309 0.000010
0.000010 0.000010 0.999960 0.000010 0.000010
0.000010 0.000010 0.999960 0.000010 0.000010
0.000010 0.000010 0.905891 0.000010 0.094079
0.000010 0.000010 0.792470 0.000010 0.207500
0.153337 0.000010 0.581793 0.000010 0.264850
0.000010 0.000010 0.981035 0.000010 0.018935
0.000010 0.000010 0.999960 0.000010 0.000010
0.036164 0.000010 0.778006 0.000010 0.185809
0.000010 0.000010 0.942043 0.000010 0.057927
0.081244 0.000010 0.711186 0.000010 0.207550
0.000010 0.000010 0.778421 0.000010 0.221549
0.000010 0.000010 0.824668 0.000010 0.175302
0.000010 0.146342 0.000010 0.853628 0.000010
0.002397 0.218290 0.000010 0.779293 0.000010
0.000010 0.251397 0.000010 0.748091 0.000492
0.000010 0.999960 0.000010 0.000010 0.000010
0.000010 0.287804 0.000010 0.712166 0.000010
0.000010 0.999960 0.000010 0.000010 0.000010
0.078045 0.203954 0.000010 0.717981 0.000010
0.000010 0.209741 0.000010 0.790229 0.000010
0.000010 0.999960 0.000010 0.000010 0.000010
0.031284 0.225019 0.062822 0.679108 0.001767
0.000010 0.137737 0.000010 0.862233 0.000010
0.000010 0.395032 0.000010 0.604938 0.000010
