0.253806 0.746164 0.000010 0.000010 0.000010
0.045190 0.954780 0.000010 0.000010 0.000010
0.074164 0.778179 0.000010 0.000010 0.147637
0.055723 0.466276 0.000010 0.477980 0.000010
0.120692 0.756208 0.000010 0.000010 0.123080
0.069847 0.930123 0.000010 0.000010 0.000010
0.000010 0.921633 0.078337 0.000010 0.000010
0.000010 0.000010 0.000010 0.000010 0.999960
0.000010 0.000010 0.000010 0.000010 0.999960
0.160103 0.000010 0.016683 0.000010 0.823194
0.000010 0.000010 0.000010 0.000010 0.999960
0.000010 0.000010 0.249356 0.000010 0.750614
0.000010 0.000010 0.000010 0.000010 0.999960
0.192590 0.000010 0.181231 0.000010 0.626160
0.000010 0.000010 0.625279 0.000010 0.374691
0.514673 0.000010 0.179199 0.000010 0.306109
0.287167 0.000010 0.114601 0.034027 0.564195
0.000010 0.000010 0.598582 0.000010 0.401388
0.191615 0.000010 0.591418 0.000010 0.216947
0.101312 0.000010 0.613744 0.000010 0.284924
0.406225 0.000010 0.377343 0.000010 0.216412
0.253068 0.000012 0.422102 0.000010 0.324809
0.000010 0.000010 0.999960 0.000010 0.000010
0.000010 0.000010 0.999960 0.000010 0.000010
0.000010 0.000010 0.999960 0.000010 0.000010
0.000010 0.000010 0.663500 0.000010 0.336470
0.467793 0.000010 0.291819 0.000010 0.240368
0.444259 0.000010 0.260159 0.072828 0.222744
0.000010 0.330800 0.000010 0.669170 0.000010
0.000010 0.394707 0.000010 0.600215 0.005058
0.000010 0.000010 0.000010 0.999960 0.000010
0.786527 0.000010 0.000010 0.213443 0.000010
0.000010 0.000010 0.000010 0.999960 0.000010
0.999960 0.000010 0.000010 0.000010 0.000010
0.000010 0.321631 0.367069 0.250581 0.060709
0.650500 0.000010 0.199083 0.000010 0.150397
0.576111 0.000010 0.000010 0.088342 0.335527
0.999960 0.000010 0.000010 0.000010 0.000010
0.999960 0.000010 0.000010 0.000010 0.000010
0.000010 0.000010 0.000010 0.999960 0.000010
0.000010 0.000010 0.000010 0.999960 0.000010
0.000017 0.000010 0.000010 0.000010 0.999953
0.000010 0.000010 0.000010 0.000010 0.999960
0.000010 0.000010 0.000010 0.000010 0.999960
0.395852 0.000010 0.000010 0.000010 0.604118
0.000014 0.000010 0.000010 0.000010 0.999956
0.000010 0.000010 0.000010 0.000010 0.999960
0.000010 0.000010 0.000010 0.000010 0.999960
0.000010 0.000010 0.000010 0.000010 0.999960
0.000010 0.472030 0.000010 0.527940 0.000010
0.000010 0.503299 0.009081 0.487600 0.000010
0.012914 0.406204 0.000010 0.580862 0.000010
0.000010 0.563794 0.000010 0.436176 0.000010
0.057990 0.573097 0.000010 0.368893 0.000010
0.054360 0.451357 0.000010 0.494263 0.000010
0.000010 0.380167 0.005190 0.614624 0.000010
0.000010 0.656378 0.000010 0.317260 0.026342
0.000010 0.000010 0.000010 0.999960 0.000010
0.003799 0.493840 0.000010 0.502342 0.000010
0.000010 0.000010 0.000010 0.999960 0.000010
0.000010 0.000010 0.000010 0.999960 0.000010
0.022691 0.382008 0.000010 0.595282 0.000010
0.000010 0.000010 0.000010 0.999960 0.000010
0.014624 0.985346 0.000010 0.000010 0.000010
0.000010 0.493538 0.000010 0.506432 0.000010
0.000010 0.288131 0.000010 0.711839 0.000010
0.000010 0.524552 0.000010 0.475418 0.000010
0.000010 0.265753 0.000010 0.734217 0.000010
0.000010 0.373094 0.000010 0.616954 0.009932
0.000010 0.493322 0.000010 0.506648 0.000010
0.000010 0.572385 0.000010 0.427585 0.000010
0.000010 0.999960 0.000010 0.000010 0.000010
0.000010 0.999960 0.000010 0.000010 0.000010
0.000010 0.518719 0.000010 0.466391 0.014870
0.000010 0.563629 0.000010 0.418794 0.017557
0.000010 0.490214 0.005638 0.504128 0.000010
0.023546 0.000010 0.000010 0.976424 0.000010
0.000010 0.688574 0.000010 0.311396 0.000010
0.000010 0.622583 0.004508 0.372889 0.000010
0.000010 0.716325 0.000010 0.283645 0.000010
0.283338 0.000010 0.000010 0.000010 0.716632
0.311510 0.000010 0.000010 0.000010 0.688460
0.359559 0.000010 0.004325 0.000010 0.636096
0.448131 0.000010 0.000010 0.000010 0.551839
0.199227 0.000010 0.075476 0.000010 0.725277
0.261987 0.000013 0.009738 0.000010 0.728252
0.000010 0.000010 0.000010 0.000010 0.999960
0.000010 0.339887 0.000020 0.660073 0.000010
0.000010 0.464197 0.000010 0.535773 0.000010
0.000010 0.252703 0.000010 0.747267 0.000010
0.000010 0.000010 0.000010 0.999960 0.000010
0.000010 0.354715 0.000010 0.645255 0.000010
0.000010 0.317306 0.000010 0.682664 0.000010
0.000010 0.278895 0.000010 0.721075 0.000010
0.000010 0.999960 0.000010 0.000010 0.000010
0.000010 0.418712 0.000010 0.578828 0.002440
0.000010 0.306606 0.000010 0.693364 0.000010
0.000010 0.000010 0.770799 0.000010 0.229171
0.146870 0.000010 0.853100 0.000010 0.000010
0.128601 0.000010 0.465895 0.000010 0.405483
0.000010 0.000010 0.714453 0.000010 0.285517
0.000010 0.000010 0.999960 0.000010 0.000010
0.000010 0.000010 0.999960 0.000010 0.000010
0.220084 0.015601 0.686268 0.000010 0.078037
0.051747 0.000010 0.000010 0.948223 0.000010
0.000015 0.000010 0.999955 0.000010 0.000010
0.000010 0.061684 0.882634 0.000010 0.055663
0.000010 0.000010 0.903803 0.000010 0.096167
0.464865 0.000010 0.469925 0.065191 0.000010
0.257073 0.000010 0.686890 0.056016 0.000010
0.315228 0.000010 0.486853 0.048004 0.149905
0.092162 0.000010 0.856107 0.000010 0.051711
0.000010 0.000010 0.999960 0.000010 0.000010
0.121922 0.000010 0.714658 0.013067 0.150344
0.147806 0.000010 0.722138 0.000010 0.130035
0.000010 0.000010 0.412843 0.000010 0.587127
0.177120 0.000010 0.516641 0.000010 0.306220
0.494165 0.000013 0.000010 0.000010 0.505802
0.397882 0.000013 0.082427 0.000010 0.519667
0.287912 0.000010 0.000010 0.000010 0.712058
0.316992 0.000010 0.000010 0.000010 0.682978
0.101892 0.164975 0.474217 0.183882 0.075034
0.148627 0.000010 0.705975 0.000010 0.145378
0.180898 0.098503 0.453408 0.046107 0.221084
0.107194 0.785337 0.062162 0.000010 0.045296
0.273123 0.000010 0.632059 0.064578 0.030230
0.331464 0.377273 0.291244 0.000010 0.000010
0.035975 0.234513 0.673353 0.000010 0.056149
0.446598 0.000017 0.000010 0.000010 0.553365
0.169710 0.000010 0.733044 0.097225 0.000010
0.346739 0.000010 0.555371 0.000010 0.097869
0.000010 0.000010 0.999960 0.000010 0.000010
0.235564 0.242216 0.354390 0.093331 0.074499
0.019960 0.414240 0.000010 0.565780 0.000010
0.000010 0.000010 0.999960 0.000010 0.000010
0.000010 0.000015 0.968431 0.000010 0.031534
0.000010 0.350807 0.000010 0.649163 0.000010
0.000010 0.437902 0.000010 0.562068 0.000010
0.000010 0.999960 0.000010 0.000010 0.000010
0.000010 0.999960 0.000010 0.000010 0.000010
0.000010 0.558164 0.000010 0.441806 0.000010
0.000010 0.999960 0.000010 0.000010 0.000010
0.000010 0.999960 0.000010 0.000010 0.000010
0.000010 0.375701 0.000010 0.624269 0.000010
0.000010 0.421738 0.000010 0.578232 0.000010
0.000010 0.541294 0.000010 0.458676 0.000010
0.000010 0.490597 0.000010 0.504772 0.004611
0.000010 0.000010 0.000010 0.999960 0.000010
0.000010 0.746932 0.000010 0.253038 0.000010
0.000010 0.342334 0.000010 0.657636 0.000010
0.033784 0.000010 0.000010 0.966186 0.000010
0.000010 0.476171 0.000010 0.510137 0.013671
0.020059 0.432227 0.013479 0.534226 0.000010
0.000010 0.562531 0.000010 0.437439 0.000010
0.000010 0.000010 0.000010 0.999960 0.000010
0.005466 0.692825 0.000010 0.301689 0.000010
0.000010 0.514409 0.000010 0.467508 0.018063
0.000010 0.000010 0.000010 0.999960 0.000010
0.000010 0.999960 0.000010 0.000010 0.000010
0.000010 0.999960 0.000010 0.000010 0.000010
0.000010 0.000010 0.000010 0.999960 0.000010
0.000010 0.612351 0.000010 0.387619 0.000010
0.000010 0.498927 0.000010 0.501043 0.000010
0.000010 0.000010 0.692443 0.241495 0.066042
0.424769 0.145086 0.417304 0.000010 0.012830
0.999960 0.000010 0.000010 0.000010 0.000010
0.000010 0.000010 0.045469 0.954501 0.000010
0.000010 0.999960 0.000010 0.000010 0.000010
0.000010 0.622048 0.000010 0.377922 0.000010
0.000010 0.999960 0.000010 0.000010 0.000010
0.000010 0.000010 0.000010 0.999960 0.000010
0.000012 0.547565 0.000010 0.452403 0.000010
0.999957 0.000013 0.000010 0.000010 0.000010
0.999960 0.000010 0.000010 0.000010 0.000010
0.999960 0.000010 0.000010 0.000010 0.000010
0.999960 0.000010 0.000010 0.000010 0.000010
0.845391 0.000010 0.000010 0.000010 0.154579
0.999960 0.000010 0.000010 0.000010 0.000010
0.999960 0.000010 0.000010 0.000010 0.000010
0.832864 0.000010 0.000010 0.000010 0.167106
0.999960 0.000010 0.000010 0.000010 0.000010
0.839825 0.000010 0.000010 0.000010 0.160145
0.999960 0.000010 0.000010 0.000010 0.000010
0.999960 0.000010 0.000010 0.000010 0.000010
0.000010 0.333255 0.000010 0.666715 0.000010
0.000010 0.171282 0.000010 0.828688 0.000010
0.000010 0.000010 0.000010 0.999960 0.000010
0.000010 0.256924 0.000010 0.743046 0.000010
0.000010 0.000010 0.000010 0.999960 0.000010
0.000010 0.448716 0.077970 0.473294 0.000010
0.000010 0.435622 0.000010 0.564348 0.000010
0.073397 0.328581 0.021019 0.576992 0.000010
0.000010 0.000010 0.000010 0.999960 0.000010
0.000010 0.256077 0.000010 0.743893 0.000010
