0.0208429 0.0128512 0.386148 0.179853 0.00766538 0.00158163 9.9991E-05 0.321479 0.0694796
0.0452714 9.9973E-05 0.77777 9.9973E-05 0.012025 0.00926946 9.9973E-05 0.123236 0.0321282
0.00869108 0.0513641 0.615752 9.9982E-05 0.0156459 0.0434249 9.9982E-05 0.138095 0.126828
9.9982E-05 0.0551159 0.373859 0.448692 0.034305 0.0403798 0.0146391 9.9982E-05 0.0328094
0.0133762 0.00984584 0.578387 0.031124 0.0204518 0.0490189 0.0079688 0.200981 0.0888466
9.9982E-05 0.045096 0.757063 9.9982E-05 0.0114606 0.0188564 0.019659 0.121215 0.0264495
9.9973E-05 9.9973E-05 0.747076 0.0399086 0.0170706 0.0304567 0.0274553 0.137733 9.9973E-05
0.0137512 9.9973E-05 0.0923432 9.9973E-05 0.0066437 0.00155722 9.9973E-05 0.337281 0.548123
9.9973E-05 9.9973E-05 0.121742 0.0903143 0.00537713 9.9973E-05 0.000710744 0.38328 0.398276
0.219837 9.9964E-05 9.9964E-05 9.9964E-05 9.9964E-05 0.00944188 0.0295852 0.0680367 0.672699
0.0149498 9.9964E-05 0.0455323 9.9964E-05 9.9964E-05 9.9964E-05 0.0170371 0.332058 0.590023
0.0881441 9.9964E-05 0.0681427 9.9964E-05 9.9964E-05 0.0208491 9.9964E-05 0.30936 0.513104
9.9964E-05 9.9964E-05 0.0077488 0.0890034 9.9964E-05 9.9964E-05 0.0279888 0.272543 0.602316
0.135184 9.99459E-05 9.99459E-05 9.99459E-05 9.99459E-05 9.99459E-05 9.99459E-05 0.277864 0.586353
0.0331011 0.00864715 0.00452339 9.9973E-05 9.9973E-05 9.9973E-05 0.0186373 0.513228 0.421563
9.9973E-05 0.0199796 0.0576584 0.0309679 9.9973E-05 9.9973E-05 0.0286038 0.613723 0.248767
0.272282 9.99549E-05 9.99549E-05 9.99549E-05 9.99549E-05 9.99549E-05 0.0311368 0.369878 0.326204
0.0515562 9.9973E-05 0.0789451 0.0577837 9.9973E-05 9.9973E-05 0.019206 0.395499 0.39671
0.173901 9.9955E-05 9.9955E-05 9.9955E-05 9.9955E-05 9.9955E-05 0.0354589 0.453505 0.336636
9.9982E-05 0.0590452 0.147201 0.0162927 0.00408662 9.9982E-05 0.0192869 0.565617 0.18827
0.0497382 9.9973E-05 0.00264953 0.0278555 9.9973E-05 9.9973E-05 0.0481995 0.640379 0.230879
0.00133003 0.0234515 9.9973E-05 0.0602021 9.9973E-05 9.9973E-05 0.00371221 0.682938 0.228067
0.0977724 9.9973E-05 0.0220561 0.00508499 0.00122304 9.9973E-05 9.9973E-05 0.636123 0.23744
0.0277635 9.9991E-05 0.0385357 0.0199593 0.0101423 0.00132394 0.0670524 0.755031 0.0800921
9.9946E-05 9.9946E-05 9.9946E-05 9.9946E-05 9.9946E-05 0.0400606 0.0218285 0.937511 9.9946E-05
0.0303629 0.0112888 9.9973E-05 0.00673977 9.9973E-05 9.9973E-05 0.00453113 0.903036 0.0437416
0.0651165 9.9991E-05 0.0401525 0.0297724 0.00403754 0.00236543 0.00084202 0.515576 0.342037
0.227402 9.99549E-05 9.99549E-05 9.99549E-05 9.99549E-05 9.99549E-05 0.0360164 0.553919 0.182163
9.9982E-05 0.0287852 0.1576 0.00379194 0.00779849 0.010355 9.9982E-05 0.619091 0.172378
0.0137277 9.9982E-05 0.723835 0.143025 0.0167206 0.00181125 0.00576865 0.0949123 9.9982E-05
0.00431584 9.9982E-05 0.580519 0.300619 0.0139374 9.9982E-05 0.0052774 0.0734604 0.0216704
0.00791321 9.9991E-05 0.626857 0.139361 0.018736 0.0109466 0.00397759 0.159318 0.0327906
9.999E-05 0.0203307 0.166096 0.0458642 0.0447927 0.015303 0.028511 0.634807 0.0441956
0.0223473 0.0189387 0.663271 0.058651 0.0215639 9.9991E-05 0.0285143 0.155947 0.0306665
9.99368E-05 9.99368E-05 0.0273451 9.99368E-05 9.99368E-05 9.99368E-05 0.971955 9.99368E-05 9.99368E-05
9.9964E-05 0.0802183 0.143039 9.9964E-05 9.9964E-05 9.9964E-05 0.0147119 0.613724 0.147907
9.993E-05 9.993E-05 9.993E-05 9.993E-05 9.993E-05 0.999201 9.993E-05 9.993E-05 9.993E-05
9.9973E-05 0.00163225 9.9973E-05 0.0352769 0.011395 0.0280798 9.9973E-05 0.735067 0.188249
9.9964E-05 0.0532703 0.0905021 9.9964E-05 9.9964E-05 9.9964E-05 0.0760034 0.430127 0.349697
9.9982E-05 0.0174659 0.0966303 0.0931077 0.00944692 9.9982E-05 0.0143819 0.74789 0.0208772
9.9991E-05 0.0662633 0.201088 0.05315 0.0156869 0.00435041 0.025908 0.443458 0.189996
0.0147489 0.0539602 0.761225 0.0474925 0.0285828 0.00689502 9.9991E-05 0.0473963 0.0395995
0.0373025 9.9982E-05 0.779503 0.0501863 0.011428 0.00613397 9.9982E-05 0.0443045 0.0709416
9.99459E-05 0.00341421 0.114027 9.99459E-05 9.99459E-05 9.99459E-05 9.99459E-05 9.99459E-05 0.881959
9.9973E-05 9.9973E-05 0.0343776 9.9973E-05 0.011205 0.00116259 0.00257415 0.0150715 0.935309
0.0266354 9.9982E-05 0.00350544 0.00824905 0.0164245 0.0228277 0.0142497 9.9982E-05 0.907908
9.9973E-05 9.9973E-05 0.0177535 0.016114 0.00788198 9.9973E-05 0.00316462 0.446402 0.508384
9.9973E-05 9.9973E-05 0.0724426 0.0813688 0.00315259 9.9973E-05 0.0215806 0.0508638 0.770292
9.9955E-05 9.9955E-05 0.028805 9.9955E-05 0.00880858 9.9955E-05 9.9955E-05 0.452191 0.509695
0.0240692 9.9973E-05 9.9973E-05 0.0505536 0.00286714 9.9973E-05 0.00220034 0.11691 0.8031
0.0320281 0.00706254 9.9955E-05 9.9955E-05 9.9955E-05 0.00859809 9.9955E-05 9.9955E-05 0.951812
9.9955E-05 9.9955E-05 0.117285 9.9955E-05 0.00856886 9.9955E-05 9.9955E-05 0.170584 0.703063
9.99369E-05 9.99369E-05 0.073839 9.99369E-05 9.99369E-05 9.99369E-05 9.99369E-05 9.99369E-05 0.925461
0.0495759 9.9955E-05 0.00382658 0.0183791 9.9955E-05 9.9955E-05 9.9955E-05 9.9955E-05 0.927719
9.99459E-05 0.624671 0.359227 9.99459E-05 0.0155024 9.99459E-05 9.99459E-05 9.99459E-05 9.99459E-05
9.9964E-05 0.76657 0.00819969 0.16725 0.00364339 9.9964E-05 9.9964E-05 0.0539371 9.9964E-05
9.9964E-05 0.450059 0.168886 0.361516 0.00139894 9.9964E-05 9.9964E-05 0.0177408 9.9964E-05
9.9964E-05 0.261414 0.698369 9.9964E-05 0.0232526 0.00155142 0.0150133 9.9964E-05 9.9964E-05
9.9964E-05 0.271063 0.638683 9.9964E-05 0.0353871 0.0242794 9.9964E-05 0.0301885 9.9964E-05
0.0399649 0.908823 9.99549E-05 9.99549E-05 0.00317126 9.99549E-05 9.99549E-05 9.99549E-05 0.0475408
9.9964E-05 0.212704 0.529729 0.216593 0.0343727 0.00620244 9.9964E-05 9.9964E-05 9.9964E-05
0.00496754 0.216276 0.738801 9.9955E-05 9.9955E-05 0.0394556 9.9955E-05 9.9955E-05 9.9955E-05
0.0431407 0.0496751 0.294589 0.198933 0.0167979 0.00535738 0.00689778 0.316271 0.0683386
9.9946E-05 0.57929 0.404812 9.9946E-05 0.015298 9.9946E-05 9.9946E-05 9.9946E-05 9.9946E-05
0.00169779 0.0133505 0.753394 0.116285 0.00748324 9.9973E-05 9.9973E-05 0.10749 9.9973E-05
9.9982E-05 0.0234117 0.647452 0.250575 0.0207211 0.00842698 0.0159892 9.9982E-05 0.0332236
0.0225694 0.124286 0.791901 0.0495023 0.00141209 0.0100291 9.9973E-05 9.9973E-05 9.9973E-05
0.0237702 0.024841 0.472831 0.446912 0.0203505 9.9982E-05 0.00842497 0.00267115 9.9982E-05
9.9982E-05 0.0803933 0.707738 0.138928 0.0147544 0.0100744 0.0087154 0.039196 9.9982E-05
9.9955E-05 0.373202 0.593259 0.0161136 0.0169251 9.9955E-05 9.9955E-05 9.9955E-05 9.9955E-05
9.9955E-05 9.9955E-05 0.182589 0.772274 9.9955E-05 9.9955E-05 9.9955E-05 0.0174599 0.027177
9.9946E-05 0.463129 0.505056 9.9946E-05 0.0312152 9.9946E-05 9.9946E-05 9.9946E-05 9.9946E-05
9.9946E-05 0.215885 9.9946E-05 0.763914 0.0196019 9.9946E-05 9.9946E-05 9.9946E-05 9.9946E-05
9.9973E-05 0.11884 0.41613 0.396184 9.9973E-05 0.00281405 9.9973E-05 0.0268255 0.038907
9.9964E-05 0.304311 0.0760073 0.60518 0.0102127 9.9964E-05 9.9964E-05 9.9964E-05 0.00388854
9.99459E-05 0.373964 9.99459E-05 0.584067 0.0413693 9.99459E-05 9.99459E-05 9.99459E-05 9.99459E-05
9.9964E-05 0.0263812 0.656257 0.122256 0.0134635 9.9964E-05 9.9964E-05 0.181243 9.9964E-05
9.9973E-05 0.15492 0.813411 0.0141507 0.00410398 0.00385924 0.00925546 9.9973E-05 9.9973E-05
9.9973E-05 0.312468 0.371521 0.263931 0.020415 0.0272963 9.9973E-05 9.9973E-05 0.0040691
9.9982E-05 0.156224 0.684889 0.0705592 0.0121261 0.0226951 0.0206532 9.9982E-05 0.0326543
9.99555E-05 0.171225 0.794977 9.99555E-05 0.00974619 0.0235513 9.99555E-05 9.99555E-05 9.99555E-05
0.0138305 0.00441815 0.721447 0.124999 0.00367789 0.0089255 0.0113271 0.0876121 0.0237621
9.9955E-05 0.218503 0.754584 9.9955E-05 0.0108612 0.0155523 9.9955E-05 9.9955E-05 9.9955E-05
9.9964E-05 0.136261 0.760772 0.0771819 0.00292844 0.022457 9.9964E-05 9.9964E-05 9.9964E-05
0.00162617 0.11879 0.767017 0.0583724 9.9982E-05 0.011438 0.00341234 9.9982E-05 0.0391441
0.574744 9.99369E-05 9.99369E-05 9.99369E-05 9.99369E-05 9.99369E-05 9.99369E-05 9.99369E-05 0.424556
0.449578 9.99459E-05 9.99459E-05 9.99459E-05 9.99459E-05 9.99459E-05 0.0116772 9.99459E-05 0.538145
0.535519 9.99369E-05 9.99369E-05 9.99369E-05 9.99369E-05 9.99369E-05 9.99369E-05 9.99369E-05 0.463781
0.483469 9.99369E-05 9.99369E-05 9.99369E-05 9.99369E-05 9.99369E-05 9.99369E-05 9.99369E-05 0.515831
0.299063 9.99639E-05 0.0187914 9.99639E-05 9.99639E-05 9.99639E-05 0.00497524 0.147063 0.529707
0.35132 9.99459E-05 9.99459E-05 9.99459E-05 9.99459E-05 9.99459E-05 0.0256132 9.99459E-05 0.622467
0.0140344 9.99369E-05 9.99369E-05 9.99369E-05 9.99369E-05 9.99369E-05 9.99369E-05 9.99369E-05 0.985266
9.9964E-05 0.285268 0.492854 0.200817 0.0199412 9.9964E-05 0.000720372 9.9964E-05 9.9964E-05
9.9946E-05 0.420567 9.9946E-05 0.574806 0.00402753 9.9946E-05 9.9946E-05 9.9946E-05 9.9946E-05
9.9964E-05 9.9964E-05 0.0488302 0.918196 0.0165012 0.0135106 0.00256226 9.9964E-05 9.9964E-05
9.9964E-05 0.0688707 0.439804 0.458116 0.0223529 9.9964E-05 9.9964E-05 0.0104568 9.9964E-05
9.9955E-05 0.148529 0.489419 0.340412 0.0211413 9.9955E-05 9.9955E-05 9.9955E-05 9.9955E-05
0.0022448 9.9982E-05 0.529592 0.371683 0.0169675 9.9982E-05 0.00350426 0.0136998 0.0621089
9.9964E-05 0.0124516 0.160486 0.784202 0.0319333 9.9964E-05 0.010527 9.9964E-05 9.9964E-05
0.0342807 0.0292809 0.772022 0.127091 0.00621398 9.9982E-05 9.9982E-05 0.0101929 0.0207186
9.9946E-05 0.0723459 9.9946E-05 0.911983 9.9946E-05 0.0150713 9.9946E-05 9.9946E-05 9.9946E-05
9.9964E-05 0.0927646 0.27313 0.559665 0.0663587 9.9964E-05 9.9964E-05 0.00768205 9.9964E-05
0.702947 9.99549E-05 0.00510206 9.99549E-05 9.99549E-05 9.99549E-05 9.99549E-05 0.151456 0.139995
0.285445 9.99459E-05 9.99459E-05 9.99459E-05 9.99459E-05 9.99459E-05 9.99459E-05 0.701372 0.0125839
0.146465 9.9946E-05 9.9946E-05 9.9946E-05 9.9946E-05 9.9946E-05 9.9946E-05 0.49325 0.359685
0.136751 0.0102486 9.9964E-05 9.9964E-05 9.9964E-05 0.00150593 9.9964E-05 0.664368 0.186727
0.254747 0.010504 9.9955E-05 9.9955E-05 0.00256062 9.9955E-05 9.9955E-05 0.731689 9.9955E-05
0.2393 9.9946E-05 9.9946E-05 9.9946E-05 9.9946E-05 9.9946E-05 0.00506988 0.75503 9.9946E-05
0.973373 0.025927 9.99369E-05 9.99369E-05 9.99369E-05 9.99369E-05 9.99369E-05 9.99369E-05 9.99369E-05
0.00208958 0.00236342 9.9982E-05 0.883652 0.0254632 0.020624 0.0223882 0.0432196 9.9982E-05
0.184997 9.9955E-05 9.9955E-05 0.00204252 0.0132866 9.9955E-05 9.9955E-05 0.799174 9.9955E-05
9.99639E-05 9.99639E-05 0.00548751 9.99639E-05 9.99639E-05 0.200718 0.0273481 0.580482 0.185564
0.480102 9.99549E-05 9.99549E-05 9.99549E-05 9.99549E-05 9.99549E-05 0.0280714 0.399414 0.0919123
0.00155597 9.99369E-05 9.99369E-05 9.99369E-05 9.99369E-05 9.99369E-05 0.997744 9.99369E-05 9.99369E-05
0.239143 9.9964E-05 0.0415505 9.9964E-05 9.9964E-05 0.0252791 0.0294394 0.664188 9.9964E-05
0.816848 9.9973E-05 0.0213724 9.9973E-05 0.000997902 0.00443466 0.142737 0.0133093 9.9973E-05
0.8606 9.9964E-05 9.9964E-05 0.00266262 0.00779938 0.020802 9.9964E-05 0.107736 9.9964E-05
0.206502 9.9955E-05 9.9955E-05 9.9955E-05 9.9955E-05 0.00708825 0.0032869 0.782623 9.9955E-05
0.427817 9.9964E-05 9.9964E-05 9.9964E-05 9.9964E-05 0.00983915 0.00435755 0.468613 0.0889731
0.933747 9.99549E-05 0.0178725 9.99549E-05 9.99549E-05 9.99549E-05 9.99549E-05 0.021167 0.026714
0.364951 9.99459E-05 9.99459E-05 9.99459E-05 9.99459E-05 9.99459E-05 9.99459E-05 0.242996 0.391454
0.93859 9.99549E-05 9.99549E-05 9.99549E-05 9.99549E-05 0.00401271 0.0155072 9.99549E-05 0.0413903
0.373107 9.9955E-05 9.9955E-05 9.9955E-05 9.9955E-05 9.9955E-05 0.0241609 0.0517662 0.550466
0.709694 9.99549E-05 9.99549E-05 9.99549E-05 9.99549E-05 0.000284057 0.0239741 9.99549E-05 0.265548
0.0944983 9.9955E-05 9.9955E-05 9.9955E-05 9.9955E-05 9.9955E-05 0.026768 0.391338 0.486896
0.015863 9.9973E-05 0.0602418 0.0697267 9.9973E-05 9.9973E-05 0.0287875 0.297836 0.527245
0.295974 9.99368E-05 9.99368E-05 9.99368E-05 9.99368E-05 0.703326 9.99368E-05 9.99368E-05 9.99368E-05
0.751923 9.9955E-05 9.9955E-05 9.9955E-05 9.9955E-05 0.0144767 0.034329 0.198771 9.9955E-05
0.840518 0.0612587 9.9955E-05 9.9955E-05 0.0183887 0.0793349 9.9955E-05 9.9955E-05 9.9955E-05
0.0972727 0.0850925 0.69641 9.9991E-05 0.00548067 0.0607107 0.0171632 0.0330226 0.0047478
0.795453 0.0359009 9.9955E-05 9.9955E-05 9.9955E-05 0.0286259 0.13952 9.9955E-05 9.9955E-05
9.9955E-05 9.9955E-05 0.308302 9.9955E-05 0.0142015 0.112226 9.9955E-05 0.564771 9.9955E-05
9.9973E-05 0.0679569 0.104191 0.0146031 9.9973E-05 0.0522923 0.090581 0.670076 9.9973E-05
0.0607325 9.9964E-05 9.9964E-05 9.9964E-05 0.00512733 9.9964E-05 0.0122931 0.449649 0.471798
0.300672 0.0198753 0.0494941 0.0137129 0.00984548 0.020352 0.0561948 0.529754 9.9991E-05
0.00954804 9.9973E-05 9.9973E-05 0.0499486 9.9973E-05 0.00532716 0.0184115 0.753145 0.163319
0.383486 9.99459E-05 9.99459E-05 9.99459E-05 9.99459E-05 9.99459E-05 0.0034433 0.612471 9.99459E-05
0.26304 0.105342 0.139822 9.9973E-05 9.9973E-05 0.138918 0.0244019 0.328176 9.9973E-05
9.9973E-05 0.158592 0.767202 0.0337174 0.0105376 0.0208184 9.9973E-05 9.9973E-05 0.00883222
0.0990581 0.0132703 9.9982E-05 0.0224725 0.00724129 0.017677 0.0259283 0.814153 9.9982E-05
0.183179 9.9964E-05 9.9964E-05 9.9964E-05 9.9964E-05 0.0480599 0.0318948 0.587072 0.149394
9.9964E-05 0.0356501 0.175318 0.769113 0.0132405 9.9964E-05 0.00627827 9.9964E-05 9.9964E-05
9.9946E-05 0.028744 9.9946E-05 0.969878 9.9946E-05 0.000778546 9.9946E-05 9.9946E-05 9.9946E-05
0.023339 0.0735562 0.656972 0.240316 0.000794503 9.9973E-05 9.9973E-05 9.9973E-05 0.00472213
9.9964E-05 9.9964E-05 0.627216 0.259272 0.00579853 9.9964E-05 0.00180229 0.105512 9.9964E-05
9.9964E-05 0.144773 0.0777194 0.746195 0.0268005 0.00411231 9.9964E-05 9.9964E-05 9.9964E-05
0.0213135 0.00915576 0.712103 0.119764 0.00973653 9.9982E-05 9.9982E-05 0.126291 0.00143703
9.9973E-05 0.119044 0.766429 0.065907 0.00252458 9.9973E-05 0.0174571 9.9973E-05 0.0283384
9.9964E-05 9.9964E-05 0.0389173 0.937865 9.9964E-05 9.9964E-05 0.00527737 0.00714892 0.0103917
9.9955E-05 9.9955E-05 0.27806 0.680998 0.0231444 9.9955E-05 9.9955E-05 0.0172976 9.9955E-05
9.9955E-05 9.9955E-05 0.410033 0.464891 9.9955E-05 9.9955E-05 9.9955E-05 0.0957122 0.0288649
0.0101659 0.0332205 0.761071 0.109404 0.0104862 0.0186513 9.9991E-05 0.0350072 0.0218947
9.9964E-05 9.9964E-05 0.476202 0.399918 0.0249693 9.9964E-05 9.9964E-05 0.0890901 0.00942107
9.9964E-05 0.124395 0.613745 0.235904 9.9964E-05 0.0102434 9.9964E-05 9.9964E-05 0.0153132
9.9946E-05 9.9946E-05 0.399209 0.510452 9.9946E-05 9.9946E-05 9.9946E-05 9.9946E-05 0.0897394
9.9973E-05 9.9973E-05 0.715862 0.0672164 0.0219437 0.00657098 0.0160176 0.17209 9.9973E-05
9.993E-05 0.999201 9.993E-05 9.993E-05 9.993E-05 9.993E-05 9.993E-05 9.993E-05 9.993E-05
9.99549E-05 0.847982 0.106498 9.99549E-05 9.99549E-05 9.99549E-05 0.00185246 0.0431672 9.99549E-05
9.99369E-05 0.924902 9.99369E-05 0.0743983 9.99369E-05 9.99369E-05 9.99369E-05 9.99369E-05 9.99369E-05
9.9937E-05 9.9937E-05 9.9937E-05 0.963728 9.9937E-05 9.9937E-05 9.9937E-05 9.9937E-05 0.0355727
0.000569039 0.390603 0.117989 0.487582 0.0025099 0.000447725 9.9973E-05 9.9973E-05 9.9973E-05
9.9964E-05 0.670328 0.298907 9.9964E-05 0.0115451 0.0101837 9.9964E-05 9.9964E-05 0.00863598
9.9937E-05 9.9937E-05 9.9937E-05 0.984965 9.9937E-05 0.0143353 9.9937E-05 9.9937E-05 9.9937E-05
9.9973E-05 0.072277 0.612172 0.254104 0.00218021 0.00201263 9.9973E-05 0.0569543 9.9973E-05
0.0507206 9.9955E-05 0.862435 9.9955E-05 0.0202411 9.9955E-05 9.9955E-05 9.9955E-05 0.0661037
0.0620798 9.9991E-05 0.530111 0.142074 0.0161789 0.00471383 0.0308899 0.154024 0.0598295
0.0249224 9.9982E-05 0.462414 0.269686 0.00589301 9.9982E-05 0.00547514 0.142345 0.0890644
9.993E-05 0.999201 9.993E-05 9.993E-05 9.993E-05 9.993E-05 9.993E-05 9.993E-05 9.993E-05
0.0510463 9.9964E-05 0.820612 9.9964E-05 0.0113132 9.9964E-05 0.00477471 9.9964E-05 0.111854
9.9973E-05 9.9973E-05 0.205258 0.154351 0.021131 9.9973E-05 0.0297185 0.491356 0.0978853
0.0942398 0.00173691 0.166323 9.9973E-05 9.9973E-05 9.9973E-05 0.0389495 0.617154 0.081297
9.9973E-05 0.0267928 0.120418 0.0175601 9.9973E-05 9.9973E-05 0.010805 0.729352 0.094772
0.0528663 9.9982E-05 0.562974 0.122821 0.0197309 9.9982E-05 0.00299232 0.138985 0.0994306
0.0176436 0.0109796 0.825168 0.0730008 0.0148334 9.9982E-05 0.0479037 0.0102705 9.9982E-05
9.9964E-05 9.9964E-05 0.726744 0.16083 9.9964E-05 9.9964E-05 0.01255 0.0403704 0.0591054
0.00246555 9.9982E-05 0.79698 0.103806 0.00893995 0.00910268 0.00356215 9.9982E-05 0.0749439
0.00440826 9.9982E-05 0.665371 0.175367 0.0235329 9.9982E-05 0.00578092 0.105552 0.0197878
9.9973E-05 0.00181383 0.642997 0.261854 0.0101095 9.9973E-05 0.0208623 0.0620636 9.9973E-05
0.000105219 9.9982E-05 0.0264562 0.00505267 0.000688066 9.9982E-05 0.039557 0.726751 0.20119
0.295051 9.99549E-05 9.99549E-05 9.99549E-05 9.99549E-05 9.99549E-05 0.0391116 0.653082 0.012255
0.289309 9.99549E-05 9.99549E-05 9.99549E-05 9.99549E-05 9.99549E-05 0.0437798 0.503021 0.16339
0.0682202 9.9946E-05 9.9946E-05 9.9946E-05 9.9946E-05 9.9946E-05 9.9946E-05 0.759555 0.171625
0.0800977 0.00284854 0.0281928 0.000634202 9.9973E-05 9.9973E-05 9.9973E-05 0.619523 0.268404
0.162742 9.9955E-05 9.9955E-05 9.9955E-05 9.9955E-05 9.9955E-05 0.0621589 0.61272 0.16188
0.0675367 0.00580593 0.0073767 9.9973E-05 9.9973E-05 9.9973E-05 0.00106978 0.843496 0.0744154
0.22616 9.995E-05 9.995E-05 9.995E-05 9.995E-05 9.995E-05 0.0271811 0.535499 0.21066
0.550244 9.99459E-05 9.99459E-05 9.99459E-05 9.99459E-05 9.99459E-05 0.0444641 0.404692 9.99459E-05
0.151563 9.9955E-05 9.9955E-05 9.9955E-05 9.9955E-05 9.9955E-05 0.00232974 0.619305 0.226303
9.9946E-05 9.9946E-05 9.9946E-05 9.9946E-05 9.9946E-05 9.9946E-05 0.0274912 0.701428 0.270481
0.0212861 0.00346933 9.9973E-05 0.0181223 9.9973E-05 9.9973E-05 0.0131611 0.66608 0.277581
0.00132415 0.15753 0.785096 9.9973E-05 0.00154744 9.9973E-05 0.00456737 0.0496349 9.9973E-05
9.9964E-05 0.36029 0.574618 0.0302288 0.0330519 0.0014109 9.9964E-05 9.9964E-05 9.9964E-05
0.0241328 9.9973E-05 0.719132 0.197694 0.0125605 9.9973E-05 0.000750215 9.9973E-05 0.0454312
9.993E-05 9.993E-05 9.993E-05 9.993E-05 0.999201 9.993E-05 9.993E-05 9.993E-05 9.993E-05
0.0202643 0.0454584 0.693911 0.176064 0.0561922 0.000222403 0.0076876 9.9982E-05 9.9982E-05
9.99549E-05 9.99549E-05 0.29727 9.99549E-05 0.564441 9.99549E-05 9.99549E-05 0.128621 0.00916949
0.00918126 0.629026 0.248856 9.9982E-05 0.0298759 0.0260592 0.0333908 0.0234108 9.9982E-05
9.9964E-05 0.46683 0.428961 0.0425721 0.0599166 0.00132038 9.9964E-05 9.9964E-05 9.9964E-05
9.993E-05 9.993E-05 9.993E-05 9.993E-05 0.999201 9.993E-05 9.993E-05 9.993E-05 9.993E-05
0.0364236 0.387546 0.415902 9.9973E-05 0.0873279 0.061112 0.0113883 9.9973E-05 9.9973E-05
9.9964E-05 0.0903899 0.641421 0.203723 0.0377202 9.9964E-05 0.0263456 9.9964E-05 9.9964E-05
9.9955E-05 0.176221 0.712398 9.9955E-05 0.0977479 0.0131335 9.9955E-05 9.9955E-05 9.9955E-05
