9.9991E-05 0.484493 0.0684115 0.00792089 0.300016 0.0820474 0.0139298 0.0117602 0.0138518 0.0174694
9.99459E-05 0.122648 9.99459E-05 9.99459E-05 0.0208796 0.0526965 9.99459E-05 0.803176 9.99459E-05 9.99459E-05
9.9955E-05 9.9955E-05 9.9955E-05 0.00867156 0.0313075 0.0851024 0.0110389 0.86338 9.9955E-05 9.9955E-05
0.248217 0.503671 0.106717 0.0338669 9.9982E-05 0.0275814 0.00861664 0.0496313 0.0214983 9.9982E-05
0.0305076 0.354478 9.9991E-05 0.0320917 0.151711 0.100504 0.00865925 0.280347 0.0108089 0.0307919
9.9982E-05 0.603212 0.001955 0.0137805 0.106642 0.0223593 9.9982E-05 0.201315 0.00211141 0.0484248
9.9964E-05 0.824029 0.00196877 0.0102351 0.131421 9.9964E-05 0.0278731 9.9964E-05 0.00407284 9.9964E-05
9.9973E-05 0.0692321 0.0044172 0.00692802 0.288827 0.603127 9.9973E-05 0.0260707 0.00109764 9.9973E-05
9.9964E-05 0.187367 0.00906361 9.9964E-05 0.337535 0.431675 9.9964E-05 0.0217182 0.0122413 9.9964E-05
9.9946E-05 9.9946E-05 9.9946E-05 0.010385 0.0672645 0.687605 0.234145 9.9946E-05 9.9946E-05 9.9946E-05
0.0075472 0.0107289 9.9973E-05 9.9973E-05 0.280683 0.63878 0.0156332 0.0435096 9.9973E-05 0.0028184
0.0184786 0.0145983 0.00595819 0.0125899 0.192318 0.641849 0.068744 0.0259239 9.99906E-05 0.01944
0.00535613 0.0907268 9.9955E-05 9.9955E-05 0.266512 0.629041 9.9955E-05 9.9955E-05 9.9955E-05 0.00786461
9.9937E-05 9.9937E-05 9.9937E-05 9.9937E-05 0.166771 0.711483 0.121047 9.9937E-05 9.9937E-05 9.9937E-05
9.9955E-05 9.9955E-05 0.0135659 9.9955E-05 0.486144 0.46416 0.0322561 0.00337406 9.9955E-05 9.9955E-05
0.0182845 0.0677488 0.0181626 9.9973E-05 0.611997 0.269348 9.9973E-05 0.00980198 0.00435669 9.9973E-05
9.99369E-05 9.99369E-05 9.99369E-05 9.99369E-05 0.398063 0.332073 0.269164 9.99369E-05 9.99369E-05 9.99369E-05
0.0245057 0.130635 9.9964E-05 0.0021253 0.353106 0.430582 0.0586468 9.9964E-05 9.9964E-05 9.9964E-05
9.9937E-05 9.9937E-05 9.9937E-05 9.9937E-05 0.464114 0.374661 0.160526 9.9937E-05 9.9937E-05 9.9937E-05
9.9955E-05 0.102256 0.0455229 9.9955E-05 0.514184 0.222221 9.9955E-05 0.115317 9.9955E-05 9.9955E-05
9.9955E-05 0.0355618 9.9955E-05 0.00648195 0.697316 0.212942 0.047199 9.9955E-05 9.9955E-05 9.9955E-05
9.9964E-05 0.0459719 0.0408364 0.0027812 0.62405 0.28465 9.9964E-05 9.9964E-05 0.00131051 9.9964E-05
9.9964E-05 0.0195913 9.9964E-05 9.9964E-05 0.52533 0.333359 0.0867282 0.0195151 9.9964E-05 0.0150767
9.9964E-05 0.0697064 9.9964E-05 0.0032796 0.776922 0.108857 0.030212 9.9964E-05 9.9964E-05 0.0106237
9.9946E-05 0.0200496 9.9946E-05 0.0322399 0.896816 0.0502946 9.9946E-05 9.9946E-05 9.9946E-05 9.9946E-05
0.028811 9.9946E-05 9.9946E-05 9.9946E-05 0.87593 0.0899801 0.00467879 9.9946E-05 9.9946E-05 9.9946E-05
0.0371503 0.0365627 9.9964E-05 9.9964E-05 0.523724 0.3472 0.0497355 9.9964E-05 0.00522797 9.9964E-05
9.99369E-05 9.99369E-05 9.99369E-05 9.99369E-05 0.565285 0.201423 0.232593 9.99369E-05 9.99369E-05 9.99369E-05
0.0316208 0.0779259 0.0229507 9.9973E-05 0.526634 0.233466 9.9973E-05 0.101112 0.00599039 9.9973E-05
0.0114013 0.804321 9.9991E-05 0.00859835 0.0703675 0.0279961 0.00216001 0.0270467 0.0134956 0.0345137
0.17549 0.649031 9.9973E-05 9.9973E-05 0.0663445 0.026688 9.9973E-05 0.0379721 0.00104603 0.043128
0.116659 0.614543 9.9973E-05 9.9973E-05 0.0866388 0.0714875 0.045395 9.9973E-05 0.017256 0.0477204
0.0117996 0.191086 0.0440116 9.9982E-05 0.607849 0.0831967 9.9982E-05 0.0237172 0.0203251 0.0178155
0.0187187 0.491521 0.00875572 9.9991E-05 0.145223 0.0734492 0.00369345 0.168153 0.0048488 0.0855368
0.05529 0.0306517 9.9955E-05 9.9955E-05 0.788682 9.9955E-05 0.121154 9.9955E-05 0.00372238 9.9955E-05
0.0516138 0.139901 0.0514832 9.9955E-05 0.550799 0.205703 9.9955E-05 9.9955E-05 9.9955E-05 9.9955E-05
9.99201E-05 9.99201E-05 9.99201E-05 0.999101 9.99201E-05 9.99201E-05 9.99201E-05 9.99201E-05 9.99201E-05 9.99201E-05
0.0107087 0.0261651 0.0247537 0.0117968 0.678946 0.237549 9.9973E-05 9.9973E-05 0.00978064 9.9973E-05
9.9955E-05 0.0995355 0.0586578 9.9955E-05 0.455521 0.379595 9.9955E-05 0.00619057 9.9955E-05 9.9955E-05
9.9964E-05 0.172824 0.00952951 9.9964E-05 0.686815 0.0812081 9.9964E-05 9.9964E-05 0.00221415 0.0470096
0.0714492 0.169751 0.0654564 9.9973E-05 0.485253 0.175133 9.9973E-05 9.9973E-05 0.000376524 0.0322804
0.0977567 0.590129 0.0269583 0.00289014 0.00413031 0.0643466 0.00897435 0.185729 0.0189853 9.9991E-05
9.9982E-05 0.695906 9.9982E-05 0.00867958 0.0971171 0.0638147 0.00292389 0.0472457 0.0102731 0.07384
0.00426844 0.0683853 9.99459E-05 9.99459E-05 9.99459E-05 0.895704 9.99459E-05 9.99459E-05 9.99459E-05 0.0310429
9.9946E-05 0.0240032 0.0153517 9.9946E-05 9.9946E-05 0.94937 9.9946E-05 9.9946E-05 0.0106751 9.9946E-05
9.9973E-05 9.9973E-05 0.0237693 0.00897866 9.9973E-05 0.889173 0.0621266 0.00474773 0.0079663 0.00293875
0.000305096 0.000887599 9.9973E-05 9.9973E-05 0.379683 0.55408 9.9973E-05 0.0352532 0.0145117 0.0149794
0.0575568 0.0818389 9.9964E-05 9.9964E-05 0.0682105 0.774608 9.9964E-05 9.9964E-05 0.00696158 0.0104245
9.9955E-05 9.9955E-05 9.9955E-05 9.9955E-05 0.377516 0.574273 9.9955E-05 0.0176176 0.00729294 0.0228011
0.0283252 0.021743 9.9955E-05 9.9955E-05 0.134925 0.800574 0.0139323 9.9955E-05 9.9955E-05 9.9955E-05
9.9955E-05 9.9955E-05 0.000510197 0.00808885 9.9955E-05 0.954517 0.0361045 0.000279291 9.9955E-05 9.9955E-05
9.9964E-05 0.0274964 9.9964E-05 9.9964E-05 0.131548 0.723112 9.9964E-05 0.0752191 0.00176151 0.0404624
9.9937E-05 0.0718704 9.9937E-05 9.9937E-05 9.9937E-05 0.926761 9.9937E-05 9.9937E-05 9.9937E-05 0.000669028
9.9946E-05 9.9946E-05 9.9946E-05 9.9946E-05 9.9946E-05 0.927738 0.0540791 9.9946E-05 0.00525315 0.01233
9.99369E-05 0.379822 0.608507 9.99369E-05 9.99369E-05 9.99369E-05 9.99369E-05 9.99369E-05 0.010972 9.99369E-05
9.9937E-05 9.9937E-05 0.135766 0.00883613 9.9937E-05 9.9937E-05 9.9937E-05 9.9937E-05 9.9937E-05 0.854698
0.648117 9.9955E-05 0.180556 9.9955E-05 9.9955E-05 9.9955E-05 9.9955E-05 0.116971 0.021233 0.0326232
0.152394 0.212805 0.156064 9.99639E-05 9.99639E-05 9.99639E-05 9.99639E-05 0.408862 0.0217767 0.0476983
0.147787 9.99549E-05 0.104058 9.99549E-05 9.99549E-05 9.99549E-05 9.99549E-05 0.578694 0.0199793 0.148982
9.99549E-05 9.99549E-05 0.907922 9.99549E-05 0.0488009 0.0132866 0.0280073 9.99549E-05 0.00148349 9.99549E-05
0.0864874 0.618218 0.216134 0.0102939 9.9973E-05 9.9973E-05 9.9973E-05 0.00336195 0.0304641 0.0347408
0.229388 0.300016 0.0745262 0.0168542 9.9964E-05 9.9964E-05 9.9964E-05 0.280305 9.9964E-05 0.0985117
0.120151 0.389121 9.9982E-05 0.00628468 0.159501 0.138349 0.0831873 0.0938375 0.00936935 9.9982E-05
9.9955E-05 0.168705 0.281681 9.9955E-05 9.9955E-05 9.9955E-05 9.9955E-05 0.0337571 0.00660436 0.508753
9.9964E-05 0.709835 9.9964E-05 0.00289002 0.0833089 9.9964E-05 0.00377916 0.145398 9.9964E-05 0.054389
0.0680234 0.824964 0.0549012 0.0106033 9.9964E-05 0.0343104 9.9964E-05 9.9964E-05 0.00679788 9.9964E-05
0.0375287 0.664665 0.0775745 9.9973E-05 0.0203723 9.9973E-05 0.0107237 0.0517575 9.9973E-05 0.137078
0.268172 0.550875 0.0481635 9.9964E-05 0.0520522 9.9964E-05 9.9964E-05 9.9964E-05 0.0205491 0.0597879
0.00180169 0.729488 0.0569813 0.0099834 0.0334442 9.9982E-05 9.9982E-05 0.0615302 0.00515115 0.10142
9.9946E-05 0.618417 0.352756 9.9946E-05 9.9946E-05 9.9946E-05 9.9946E-05 9.9946E-05 0.00368182 0.0245457
0.409562 0.452158 0.0595532 9.9955E-05 0.0368953 9.9955E-05 9.9955E-05 9.9955E-05 9.9955E-05 0.0413314
9.9937E-05 0.528523 0.440524 9.9937E-05 9.9937E-05 9.9937E-05 9.9937E-05 9.9937E-05 0.0302531 9.9937E-05
0.900822 9.99459E-05 0.0270924 9.99459E-05 9.99459E-05 9.99459E-05 9.99459E-05 9.99459E-05 0.0163556 0.0551299
0.27151 0.424044 9.9964E-05 9.9964E-05 0.0283077 0.0235091 9.9964E-05 0.00702829 9.9964E-05 0.245202
0.701749 0.0892852 0.185775 9.9955E-05 9.9955E-05 0.00940327 9.9955E-05 9.9955E-05 0.0132883 9.9955E-05
0.717488 9.99459E-05 0.200824 9.99459E-05 9.99459E-05 9.99459E-05 9.99459E-05 0.0306995 0.0503895 9.99459E-05
9.9973E-05 0.667386 0.0148116 9.9973E-05 0.0590011 0.0301894 0.0276554 0.190897 0.00975992 9.9973E-05
0.112137 0.539949 0.0533955 9.9955E-05 9.9955E-05 9.9955E-05 9.9955E-05 0.199403 9.9955E-05 0.0946157
0.208982 0.268526 0.363895 0.0037744 9.9964E-05 9.9964E-05 9.9964E-05 0.148619 0.00580304 9.9964E-05
9.9946E-05 0.793303 0.139627 0.0280094 9.9946E-05 0.0384608 9.9946E-05 9.9946E-05 9.9946E-05 9.9946E-05
9.9964E-05 0.613037 0.109976 0.0103379 9.9964E-05 9.9964E-05 9.9964E-05 0.153497 0.0024723 0.110279
0.0220024 0.802807 0.0338832 0.00245041 0.032261 0.0651157 0.038995 0.00228542 9.9982E-05 9.9982E-05
9.9964E-05 0.630186 0.197129 0.00309916 9.9964E-05 9.9964E-05 9.9964E-05 0.132158 0.00265371 0.0343739
0.0643806 0.709244 0.0180713 0.0145359 9.9955E-05 9.9955E-05 9.9955E-05 9.9955E-05 9.9955E-05 0.193268
0.00683186 0.655214 0.139494 9.9964E-05 0.0206229 0.0111039 9.9964E-05 0.166334 9.9964E-05 9.9964E-05
9.99279E-05 9.99279E-05 9.99279E-05 9.99279E-05 9.99279E-05 0.424087 0.575114 9.99279E-05 9.99279E-05 9.99279E-05
9.99279E-05 9.99279E-05 9.99279E-05 9.99279E-05 9.99279E-05 0.531721 0.467479 9.99279E-05 9.99279E-05 9.99279E-05
9.99278E-05 9.99278E-05 9.99278E-05 9.99278E-05 9.99278E-05 0.46409 0.53511 9.99278E-05 9.99278E-05 9.99278E-05
9.99278E-05 9.99278E-05 9.99278E-05 9.99278E-05 9.99278E-05 0.502952 0.496248 9.99278E-05 9.99278E-05 9.99278E-05
9.99459E-05 0.000799283 9.99459E-05 9.99459E-05 0.184533 0.511472 0.302596 9.99459E-05 9.99459E-05 9.99459E-05
9.99279E-05 9.99279E-05 9.99279E-05 9.99279E-05 9.99279E-05 0.622065 0.377135 9.99279E-05 9.99279E-05 9.99279E-05
9.99279E-05 9.99279E-05 9.99279E-05 9.99279E-05 9.99279E-05 0.96968 0.0295207 9.99279E-05 9.99279E-05 9.99279E-05
0.120612 0.501485 0.184019 9.9955E-05 9.9955E-05 9.9955E-05 9.9955E-05 9.9955E-05 0.0143419 0.179043
0.851132 9.9946E-05 0.137157 0.00229101 9.9946E-05 9.9946E-05 9.9946E-05 9.9946E-05 0.00881989 9.9946E-05
0.572802 0.222933 9.9964E-05 0.00304589 9.9964E-05 0.00020149 9.9964E-05 9.9964E-05 0.0074912 0.193127
0.250951 0.648387 0.0766209 9.9946E-05 9.9946E-05 9.9946E-05 9.9946E-05 9.9946E-05 0.0234413 9.9946E-05
0.151027 0.551682 0.141042 9.9955E-05 9.9955E-05 9.9955E-05 9.9955E-05 9.9955E-05 0.00852123 0.147228
0.135364 0.753833 9.9964E-05 9.9964E-05 9.9964E-05 0.0476816 0.0184693 9.9964E-05 0.0132705 0.0309815
0.311759 0.510372 0.0980692 9.9955E-05 9.9955E-05 9.9955E-05 9.9955E-05 9.9955E-05 0.0410185 0.0382819
0.114477 0.668093 9.9964E-05 9.9964E-05 9.9964E-05 0.0630431 9.9964E-05 0.0972884 0.00181042 0.0548887
0.913071 9.9946E-05 9.9946E-05 0.00601527 9.9946E-05 0.00257553 9.9946E-05 9.9946E-05 9.9946E-05 0.0777384
0.394121 0.444506 0.0888013 9.9964E-05 0.000430995 9.9964E-05 9.9964E-05 9.9964E-05 0.0617056 0.0100356
9.99459E-05 0.0199084 9.99459E-05 9.99459E-05 0.00857252 0.292347 0.678572 9.99459E-05 9.99459E-05 9.99459E-05
9.9937E-05 9.9937E-05 9.9937E-05 9.9937E-05 0.686751 0.0566558 0.255894 9.9937E-05 9.9937E-05 9.9937E-05
9.9937E-05 9.9937E-05 9.9937E-05 9.9937E-05 0.478389 0.384666 0.136245 9.9937E-05 9.9937E-05 9.9937E-05
9.9955E-05 9.9955E-05 9.9955E-05 0.0042865 0.525279 0.29925 0.125787 0.0448974 9.9955E-05 9.9955E-05
0.0177318 9.9964E-05 9.9964E-05 9.9964E-05 0.690761 0.0258998 0.258896 9.9964E-05 0.00147006 0.00484188
9.9928E-05 9.9928E-05 9.9928E-05 9.9928E-05 0.779422 9.9928E-05 0.219778 9.9928E-05 9.9928E-05 9.9928E-05
9.99459E-05 0.0128553 0.0106587 9.99459E-05 9.99459E-05 9.99459E-05 0.971136 9.99459E-05 9.99459E-05 0.00475049
0.503508 0.245487 0.0850004 0.0195702 0.0681742 9.9973E-05 9.9973E-05 9.9973E-05 0.022506 0.055455
9.9964E-05 0.0317393 0.00393338 9.9964E-05 0.707773 0.0816004 0.167422 9.9964E-05 0.00713221 9.9964E-05
9.99459E-05 9.99459E-05 9.99459E-05 0.201728 0.586823 0.187638 9.99459E-05 0.0232116 9.99459E-05 9.99459E-05
9.99369E-05 9.99369E-05 9.99369E-05 9.99369E-05 0.460616 0.0673527 0.471332 9.99369E-05 9.99369E-05 9.99369E-05
9.9937E-05 9.9937E-05 9.9937E-05 0.000212099 0.650157 9.9937E-05 0.348931 9.9937E-05 9.9937E-05 9.9937E-05
0.00853943 9.9955E-05 9.9955E-05 0.0248107 0.74003 9.9955E-05 0.19445 0.0316701 9.9955E-05 9.9955E-05
9.9937E-05 9.9937E-05 9.9937E-05 9.9937E-05 0.126242 9.9937E-05 0.850866 9.9937E-05 9.9937E-05 0.0221923
9.9964E-05 9.9964E-05 9.9964E-05 0.0157957 0.109303 9.9964E-05 0.855531 0.00461298 0.00262316 0.0117342
9.9937E-05 9.9937E-05 9.9937E-05 0.00734422 0.818318 9.9937E-05 0.173638 9.9937E-05 9.9937E-05 9.9937E-05
9.9946E-05 9.9946E-05 9.9946E-05 0.00900211 0.451584 0.11371 0.425104 9.9946E-05 9.9946E-05 9.9946E-05
9.99369E-05 0.010782 9.99369E-05 9.99369E-05 9.99369E-05 0.0941476 0.894371 9.99369E-05 9.99369E-05 9.99369E-05
9.99369E-05 9.99369E-05 9.99369E-05 9.99369E-05 0.222906 0.433364 0.343031 9.99369E-05 9.99369E-05 9.99369E-05
9.99369E-05 9.99369E-05 9.99369E-05 0.00471916 9.99369E-05 0.0443798 0.950201 9.99369E-05 9.99369E-05 9.99369E-05
9.9937E-05 9.9937E-05 9.9937E-05 9.9937E-05 0.0627784 0.566127 0.370395 9.9937E-05 9.9937E-05 9.9937E-05
9.99279E-05 9.99279E-05 9.99279E-05 9.99279E-05 9.99279E-05 0.257623 0.741577 9.99279E-05 9.99279E-05 9.99279E-05
9.9937E-05 9.9937E-05 9.9937E-05 9.9937E-05 0.380451 0.537048 0.0818007 9.9937E-05 9.9937E-05 9.9937E-05
0.0606434 0.0440243 9.9964E-05 9.9964E-05 0.349177 0.519929 0.0121694 9.9964E-05 9.9964E-05 0.0136574
9.99278E-05 9.99278E-05 9.99278E-05 0.707019 9.99278E-05 9.99278E-05 0.292182 9.99278E-05 9.99278E-05 9.99278E-05
9.9937E-05 9.9937E-05 9.9937E-05 0.0144462 0.229536 9.9937E-05 0.755319 9.9937E-05 9.9937E-05 9.9937E-05
9.9955E-05 9.9955E-05 0.040934 0.0718595 9.9955E-05 9.9955E-05 0.849111 9.9955E-05 0.015937 0.0216592
9.99279E-05 9.99279E-05 9.99279E-05 0.0338663 9.99279E-05 9.99279E-05 9.99279E-05 0.965334 9.99279E-05 9.99279E-05
0.0396495 9.9964E-05 0.0272423 0.00714897 0.0124773 9.9964E-05 0.911663 9.9964E-05 9.9964E-05 0.00141874
9.9937E-05 9.9937E-05 9.9937E-05 0.0721995 0.467294 9.9937E-05 9.9937E-05 0.459807 9.9937E-05 9.9937E-05
0.0116512 9.9955E-05 9.9955E-05 0.0271463 0.756906 9.9955E-05 9.9955E-05 0.0519528 9.9955E-05 0.151844
9.9946E-05 9.9946E-05 9.9946E-05 9.9946E-05 0.404885 0.525731 0.0525649 9.9946E-05 9.9946E-05 0.0162195
9.9973E-05 0.0738853 0.0204152 0.00519682 0.530152 9.9973E-05 0.341743 0.0281583 0.00014941 9.9973E-05
0.0271638 0.0370193 9.9973E-05 9.9973E-05 0.656775 0.234983 0.0301969 0.000624592 9.9973E-05 0.0129378
9.99369E-05 9.99369E-05 9.99369E-05 9.99369E-05 0.610886 0.016917 0.371497 9.99369E-05 9.99369E-05 9.99369E-05
9.9955E-05 9.9955E-05 9.9955E-05 0.124072 0.248521 9.9955E-05 0.290607 0.272572 9.9955E-05 0.0637273
9.9964E-05 0.799825 0.140853 0.0274616 9.9964E-05 0.000251068 9.9964E-05 0.0281147 0.00309439 9.9964E-05
0.0313008 9.9973E-05 0.00164784 0.0230987 0.833065 0.0158249 0.0830753 9.9973E-05 0.0116876 9.9973E-05
9.9955E-05 9.9955E-05 9.9955E-05 0.0407532 0.545992 0.172555 0.210486 0.0297146 9.9955E-05 9.9955E-05
0.675618 0.207999 9.9946E-05 9.9946E-05 9.9946E-05 9.9946E-05 9.9946E-05 0.0950245 0.0207589 9.9946E-05
0.978782 9.99279E-05 9.99279E-05 9.99279E-05 0.0204187 9.99279E-05 9.99279E-05 9.99279E-05 9.99279E-05 9.99279E-05
0.192038 0.664625 0.0556914 9.9955E-05 9.9955E-05 9.9955E-05 0.0146579 0.0724874 9.9955E-05 9.9955E-05
0.129903 0.731998 9.9973E-05 9.9973E-05 0.0616781 0.0144849 9.9973E-05 0.051535 0.00265096 0.00745
0.583754 0.256785 0.137816 9.9946E-05 9.9946E-05 9.9946E-05 9.9946E-05 9.9946E-05 0.0210451 9.9946E-05
0.0157647 0.722657 0.0155216 9.9982E-05 0.0582195 0.0321322 0.0256391 0.129024 0.000842112 9.9982E-05
0.0680395 0.65004 0.090311 9.9955E-05 9.9955E-05 0.0201803 9.9955E-05 0.17093 9.9955E-05 9.9955E-05
0.691964 0.29796 9.9946E-05 9.9946E-05 9.9946E-05 0.0091958 9.9946E-05 9.9946E-05 0.000280544 9.9946E-05
0.176823 0.682656 0.119467 0.0029143 9.9955E-05 9.9955E-05 9.9955E-05 9.9955E-05 0.0176392 9.9955E-05
0.300704 0.573084 9.9955E-05 9.9955E-05 0.0668865 0.050142 9.9955E-05 0.00868439 9.9955E-05 9.9955E-05
9.9964E-05 0.718682 0.05271 0.0109252 9.9964E-05 0.0186422 0.00971043 0.18893 9.9964E-05 9.9964E-05
0.202528 0.697544 9.9946E-05 9.9946E-05 0.0792841 9.9946E-05 9.9946E-05 9.9946E-05 0.0200441 9.9946E-05
0.236288 0.440071 0.0345605 0.00587795 9.9964E-05 9.9964E-05 9.9964E-05 0.205771 9.9964E-05 0.0770316
0.209327 0.720911 9.9955E-05 9.9955E-05 0.0193982 0.0438265 9.9955E-05 9.9955E-05 0.00603723 9.9955E-05
9.9982E-05 0.747322 0.0165971 0.00192973 0.140399 0.018851 0.00797018 0.0505996 0.0161316 9.9982E-05
9.99201E-05 9.99201E-05 0.999101 9.99201E-05 9.99201E-05 9.99201E-05 9.99201E-05 9.99201E-05 9.99201E-05 9.99201E-05
9.99549E-05 0.0290825 0.720076 9.99549E-05 0.0362075 9.99549E-05 9.99549E-05 0.0273531 9.99549E-05 0.186781
0.160962 9.99369E-05 0.828589 9.99369E-05 9.99369E-05 9.99369E-05 9.99369E-05 9.99369E-05 0.0097492 9.99369E-05
0.834401 0.0796471 9.99549E-05 9.99549E-05 0.0111249 0.043807 9.99549E-05 0.0305204 9.99549E-05 9.99549E-05
0.157868 9.99369E-05 0.0592562 9.99369E-05 9.99369E-05 9.99369E-05 9.99369E-05 9.99369E-05 9.99369E-05 0.782176
9.9964E-05 0.293391 0.672305 0.00547625 9.9964E-05 0.00573648 9.9964E-05 0.0220731 0.000617992 9.9964E-05
0.992219 9.9928E-05 9.9928E-05 9.9928E-05 9.9928E-05 9.9928E-05 0.00698151 9.9928E-05 9.9928E-05 9.9928E-05
0.0682799 0.679877 0.0898296 0.00331373 0.0190724 0.00154701 0.00337307 0.108981 0.0165637 0.00916348
9.99201E-05 9.99201E-05 9.99201E-05 9.99201E-05 9.99201E-05 9.99201E-05 9.99201E-05 0.999101 9.99201E-05 9.99201E-05
0.0463264 0.479049 0.00189858 9.9991E-05 0.0548833 0.134257 0.0706816 0.195618 0.0164424 0.00074311
0.103048 0.650169 9.9964E-05 9.9964E-05 0.116896 0.0806825 0.0392286 9.9964E-05 0.00957599 9.9964E-05
9.99201E-05 9.99201E-05 0.999101 9.99201E-05 9.99201E-05 9.99201E-05 9.99201E-05 9.99201E-05 9.99201E-05 9.99201E-05
9.99278E-05 9.99278E-05 9.99278E-05 9.99278E-05 9.99278E-05 0.016175 9.99278E-05 0.983026 9.99278E-05 9.99278E-05
0.177744 0.155557 9.9973E-05 9.9973E-05 0.527715 0.0938167 9.9973E-05 0.0281794 0.00049595 0.0161915
9.9946E-05 9.9946E-05 9.9946E-05 9.9946E-05 0.609518 0.0927287 0.0760884 0.221065 9.9946E-05 9.9946E-05
9.9964E-05 0.153371 0.0267551 9.9964E-05 0.690509 0.115286 9.9964E-05 9.9964E-05 0.000298766 0.01338
0.0368901 0.567833 0.00586578 0.00611102 0.221998 0.0344734 0.0301661 0.0936768 0.00288609 9.9991E-05
9.9973E-05 0.862389 0.0133123 9.9973E-05 0.0309066 9.9973E-05 0.0318558 0.000819795 0.0061208 0.0542957
0.0538442 0.726931 9.9964E-05 9.9964E-05 9.9964E-05 0.08975 0.000347269 0.0943139 9.9964E-05 0.0344139
9.9955E-05 0.638998 9.9955E-05 0.000677364 9.9955E-05 0.0513122 9.9955E-05 0.238329 9.9955E-05 0.0701835
0.0300214 0.843633 9.9955E-05 9.9955E-05 0.0958487 9.9955E-05 0.00726282 9.9955E-05 0.0227348 9.9955E-05
0.00487822 0.640019 9.9964E-05 9.9964E-05 0.0104129 9.9964E-05 9.9964E-05 0.259023 0.0020158 0.0832509
0.015199 0.0205969 9.9955E-05 9.9955E-05 0.679429 0.265042 9.9955E-05 0.019234 9.9955E-05 9.9955E-05
9.99369E-05 9.99369E-05 9.99369E-05 9.99369E-05 0.684893 0.0454085 0.268999 9.99369E-05 9.99369E-05 9.99369E-05
9.99369E-05 9.99369E-05 9.99369E-05 9.99369E-05 0.548289 0.163227 0.287784 9.99369E-05 9.99369E-05 9.99369E-05
9.9946E-05 0.0154612 9.9946E-05 9.9946E-05 0.661672 0.268542 0.0537252 9.9946E-05 9.9946E-05 9.9946E-05
9.9982E-05 0.0197797 0.00584623 0.00366337 0.560613 0.330187 0.0586204 0.018108 0.00298197 9.9982E-05
9.9937E-05 9.9937E-05 9.9937E-05 9.9937E-05 0.714328 0.131025 0.153948 9.9937E-05 9.9937E-05 9.9937E-05
9.9955E-05 9.9955E-05 0.00044604 9.9955E-05 0.787301 0.150566 0.0381302 0.0230569 9.9955E-05 9.9955E-05
9.9946E-05 9.9946E-05 9.9946E-05 9.9946E-05 0.514263 0.268023 0.215326 0.0017879 9.9946E-05 9.9946E-05
9.9928E-05 9.9928E-05 9.9928E-05 9.9928E-05 0.462745 9.9928E-05 0.536455 9.9928E-05 9.9928E-05 9.9928E-05
9.9937E-05 9.9937E-05 9.9937E-05 9.9937E-05 0.600788 0.272246 0.126267 9.9937E-05 9.9937E-05 9.9937E-05
9.9946E-05 9.9946E-05 9.9946E-05 0.000828184 0.670741 0.325351 9.9946E-05 9.9946E-05 9.9946E-05 0.00248093
0.0064187 9.9964E-05 0.00497735 9.9964E-05 0.647542 0.317007 0.00791889 9.9964E-05 9.9964E-05 0.0157361
9.9955E-05 0.630959 0.095395 9.9955E-05 9.9955E-05 0.0342853 9.9955E-05 0.147185 9.9955E-05 0.0916757
9.99279E-05 0.133496 9.99279E-05 9.99279E-05 9.99279E-05 9.99279E-05 9.99279E-05 9.99279E-05 9.99279E-05 0.865705
0.0885282 0.777565 9.9973E-05 9.9973E-05 9.9973E-05 0.0469582 0.0190157 0.0166754 0.00350932 0.0474486
9.99278E-05 9.99278E-05 9.99278E-05 9.99278E-05 9.99278E-05 0.00114059 9.99278E-05 9.99278E-05 0.99806 9.99278E-05
0.064344 0.605125 0.0271463 9.9982E-05 0.00914547 0.00165188 9.9982E-05 0.0872816 0.0232713 0.181834
9.99458E-05 0.313207 9.99458E-05 9.99458E-05 0.106135 0.0265727 9.99458E-05 9.99458E-05 0.553486 9.99458E-05
9.99369E-05 9.99369E-05 9.99369E-05 0.0181939 9.99369E-05 9.99369E-05 0.000413555 9.99369E-05 9.99369E-05 0.980693
0.159889 0.0172774 0.0427803 9.99639E-05 9.99639E-05 9.99639E-05 9.99639E-05 0.0182118 0.024093 0.737349
9.99201E-05 9.99201E-05 9.99201E-05 9.99201E-05 9.99201E-05 9.99201E-05 9.99201E-05 9.99201E-05 0.999101 9.99201E-05
9.99459E-05 9.99459E-05 9.99459E-05 0.0182045 9.99459E-05 9.99459E-05 0.037481 9.99459E-05 0.00455044 0.939164
9.99459E-05 0.430794 9.99459E-05 9.99459E-05 0.0211464 0.0121355 9.99459E-05 9.99459E-05 9.99459E-05 0.535324
9.99459E-05 0.364589 9.99459E-05 9.99459E-05 9.99459E-05 9.99459E-05 9.99459E-05 0.0157449 0.0374363 0.58163
