0.329334 0.15117 0.416537 0.0211088 9.9982E-05 0.0127827 0.0196987 9.9982E-05 0.0491689
0.098102 0.0611526 0.709142 0.021767 9.9973E-05 9.9973E-05 0.0533729 9.9973E-05 0.0561639
0.0234991 0.0647348 0.611689 0.0242499 0.00175322 0.0444448 0.0263362 9.9991E-05 0.203193
9.9973E-05 0.387224 0.502413 0.0356779 9.9973E-05 0.0363352 0.00555146 9.9973E-05 0.0324989
0.143492 0.0217589 0.556598 0.0230765 0.0253328 0.0351157 9.9991E-05 0.0453534 0.149173
0.058885 9.9982E-05 0.760496 0.0259374 0.0538773 0.0171985 9.9982E-05 0.0293866 0.0540193
0.0971434 9.9973E-05 0.804236 0.0239035 0.0275234 0.0130847 0.0338094 9.9973E-05 9.9973E-05
0.485876 9.9973E-05 0.0621071 0.00789808 9.9973E-05 0.00415941 0.0114164 9.9973E-05 0.428243
0.456603 0.0122755 0.154056 0.0226435 9.9973E-05 9.9973E-05 9.9973E-05 0.00912235 0.344999
0.173142 9.9964E-05 9.9964E-05 9.9964E-05 0.0157443 0.00552882 0.227581 9.9964E-05 0.577603
0.388203 9.9964E-05 0.0368542 9.9964E-05 0.0482704 9.9964E-05 0.00588744 9.9964E-05 0.520385
0.417831 0.0299766 0.0186521 0.0102494 9.9982E-05 0.00302503 0.0891428 9.9982E-05 0.430923
0.343922 9.9964E-05 0.0861432 9.9964E-05 0.0070332 9.9964E-05 9.9964E-05 0.00623383 0.556268
0.370587 9.99459E-05 9.99459E-05 9.99459E-05 9.99459E-05 9.99459E-05 0.150392 9.99459E-05 0.478421
0.54167 0.0069423 9.9964E-05 9.9964E-05 0.0463503 9.9964E-05 0.0250611 9.9964E-05 0.379577
0.627953 0.0582082 0.0546755 9.9964E-05 0.0652134 9.9964E-05 9.9964E-05 9.9964E-05 0.19355
0.391056 9.99549E-05 9.99549E-05 9.99549E-05 0.0206805 9.99549E-05 0.287765 9.99549E-05 0.299998
0.485811 0.0535482 0.0718458 9.9973E-05 0.0168889 9.9973E-05 0.0425424 9.9973E-05 0.329064
0.441587 9.9955E-05 9.9955E-05 9.9955E-05 0.0677429 9.9955E-05 0.148986 9.9955E-05 0.341185
0.610519 0.106263 0.095335 0.0112005 0.0182261 9.9982E-05 9.9982E-05 0.000376443 0.15788
0.702952 0.0274349 9.9964E-05 9.9964E-05 0.0301474 9.9964E-05 0.0584666 9.9964E-05 0.1806
0.694765 0.0711043 9.9964E-05 9.9964E-05 0.0314624 9.9964E-05 0.0156647 9.9964E-05 0.186604
0.644908 9.9955E-05 0.0269177 9.9955E-05 9.9955E-05 9.9955E-05 0.0800986 9.9955E-05 0.247576
0.747985 9.9982E-05 0.0591471 0.00139498 0.126282 9.9982E-05 0.000144518 0.0050767 0.0597706
0.917213 0.000767693 9.9955E-05 9.9955E-05 0.0498912 0.0316281 9.9955E-05 9.9955E-05 9.9955E-05
0.924237 9.9973E-05 9.9973E-05 9.9973E-05 0.0199308 0.000213153 0.0174335 0.00989033 0.0279954
0.645658 9.9973E-05 0.0219745 0.00514366 9.9973E-05 9.9973E-05 0.0623793 0.0253418 0.239202
0.522402 9.99549E-05 9.99549E-05 9.99549E-05 0.0564977 9.99549E-05 0.233135 9.99549E-05 0.187465
0.578246 0.0817031 0.125074 9.9973E-05 9.9973E-05 0.00898636 9.9973E-05 0.00137865 0.204312
0.0433909 0.0553467 0.815336 0.0237584 0.00293014 0.00453801 0.0243939 9.9991E-05 0.0302064
9.9973E-05 0.0876133 0.781637 0.0280426 9.9973E-05 9.9973E-05 0.0165681 0.0229857 0.0628536
0.0983135 0.0137706 0.726307 0.0323374 9.9982E-05 9.9982E-05 0.0385599 0.0294747 0.0610372
0.523391 0.0233675 0.222137 0.0330174 0.0565373 0.0115119 9.9991E-05 0.0207876 0.109149
0.105199 0.0626433 0.668618 0.0296135 0.06264 9.9982E-05 0.0237274 9.9982E-05 0.0473583
9.99367E-05 9.99367E-05 0.0477755 9.99367E-05 0.951525 9.99367E-05 9.99367E-05 9.99367E-05 9.99367E-05
0.539245 0.0590685 0.142534 0.00174349 0.0302436 9.9982E-05 9.9982E-05 0.0295748 0.19739
9.993E-05 9.993E-05 9.993E-05 9.993E-05 9.993E-05 0.999201 9.993E-05 9.993E-05 9.993E-05
0.723584 0.0548967 9.9955E-05 9.9955E-05 9.9955E-05 0.0201219 9.9955E-05 9.9955E-05 0.200897
0.378056 0.0316903 0.124783 9.9964E-05 0.103478 9.9964E-05 9.9964E-05 9.9964E-05 0.361593
0.715922 0.045659 0.126383 0.0112594 0.0251128 9.9982E-05 9.9982E-05 0.0355068 0.039957
0.494869 0.0894605 0.1942 0.0317771 0.0424189 0.0166123 9.9991E-05 0.00735603 0.123206
0.033074 0.098789 0.744648 0.0357741 9.9991E-05 0.0048623 0.0197519 0.013438 0.0495633
0.15792 0.0547977 0.729743 0.0263607 9.9973E-05 0.0119412 9.9973E-05 9.9973E-05 0.0189372
9.99549E-05 0.00738886 0.106833 0.00226142 9.99549E-05 9.99549E-05 9.99549E-05 9.99549E-05 0.883017
9.9955E-05 0.029707 0.00192234 0.00995877 9.9955E-05 9.9955E-05 9.9955E-05 9.9955E-05 0.957912
9.9982E-05 0.00556822 9.9982E-05 0.00722711 0.0219017 0.0228906 0.00840187 0.0106817 0.923129
0.362789 9.9973E-05 0.0218418 0.0188871 0.0124744 9.9973E-05 9.9973E-05 0.0105243 0.573183
0.0357587 9.9964E-05 0.133211 9.9964E-05 0.0332482 9.9964E-05 9.9964E-05 0.026512 0.77087
0.363242 9.9973E-05 0.0151202 0.0115109 0.0231921 9.9973E-05 9.9973E-05 0.0108798 0.575755
0.176624 9.9982E-05 0.0315253 0.00508265 0.00729824 9.9982E-05 0.000104118 0.00575032 0.773416
9.9955E-05 0.00844449 9.9955E-05 9.9955E-05 9.9955E-05 0.00734177 0.0374646 9.9955E-05 0.946249
0.212588 9.9955E-05 0.11858 9.9955E-05 9.9955E-05 9.9955E-05 9.9955E-05 0.00122334 0.667109
9.99369E-05 9.99369E-05 0.0758903 9.99369E-05 9.99369E-05 9.99369E-05 9.99369E-05 9.99369E-05 0.92341
9.9955E-05 9.9955E-05 0.0179494 0.00362875 9.9955E-05 9.9955E-05 0.0574164 9.9955E-05 0.920506
9.9955E-05 0.0765844 0.302876 0.0215041 9.9955E-05 9.9955E-05 9.9955E-05 0.598536 9.9955E-05
0.0642062 0.00404903 0.0123886 0.00814462 9.9964E-05 9.9964E-05 9.9964E-05 0.910812 9.9964E-05
0.00325762 0.0884168 0.304411 0.011207 9.9973E-05 9.9973E-05 9.9973E-05 0.582633 0.00977503
9.9973E-05 0.0138964 0.67962 0.0384838 0.0102695 0.00929231 9.9973E-05 0.248138 9.9973E-05
0.0218747 0.00943008 0.551805 0.0421175 0.0375321 0.0156201 9.9982E-05 0.321421 9.9982E-05
9.9946E-05 0.908866 9.9946E-05 0.0017176 9.9946E-05 0.0888163 9.9946E-05 9.9946E-05 9.9946E-05
9.9964E-05 0.0401677 0.606171 0.0558574 9.9964E-05 0.0140279 9.9964E-05 0.283377 9.9964E-05
9.9973E-05 0.285173 0.586583 9.9973E-05 0.00544917 0.0440291 9.9973E-05 0.0699153 0.00855002
0.323702 0.0952788 0.417483 0.0268412 9.9991E-05 0.030792 0.0420174 0.0239686 0.0398175
9.993E-05 0.999201 9.993E-05 9.993E-05 9.993E-05 9.993E-05 9.993E-05 9.993E-05 9.993E-05
0.0533928 0.0335406 0.79351 0.0139838 0.00762281 9.9991E-05 0.0263989 0.0461097 0.0253411
9.9964E-05 0.282243 0.641891 0.00881625 0.0419016 9.9964E-05 9.9964E-05 9.9964E-05 0.0247482
0.0614937 0.0947072 0.64775 0.00903136 9.9973E-05 9.9973E-05 0.00612999 0.180588 9.9973E-05
0.0110582 9.9973E-05 0.709789 0.0374132 9.9973E-05 0.000257302 0.0151739 0.226009 9.9973E-05
0.00246076 9.9982E-05 0.79884 0.0165558 0.0180655 0.0156657 9.9982E-05 0.129598 0.0186142
9.9955E-05 0.19131 0.49623 0.0178635 9.9955E-05 9.9955E-05 9.9955E-05 0.294096 9.9955E-05
0.0186603 0.0650096 0.624072 0.0127008 0.016137 9.9973E-05 9.9973E-05 0.26312 9.9973E-05
9.99459E-05 0.867281 0.115437 0.0166819 9.99459E-05 9.99459E-05 9.99459E-05 9.99459E-05 9.99459E-05
9.99549E-05 0.223922 0.325657 0.0267242 9.99549E-05 9.99549E-05 9.99549E-05 0.423197 9.99549E-05
9.9982E-05 0.112694 0.661111 0.00382928 0.00647539 0.02635 9.9982E-05 0.161738 0.0276021
9.99369E-05 0.978373 0.0209271 9.99369E-05 9.99369E-05 9.99369E-05 9.99369E-05 9.99369E-05 9.99369E-05
9.99549E-05 0.133249 0.223925 0.0531779 9.99549E-05 9.99549E-05 9.99549E-05 0.589148 9.99549E-05
0.180784 0.059327 0.686994 0.0305725 0.00530564 9.9973E-05 9.9973E-05 0.0367167 9.9973E-05
9.9955E-05 9.9955E-05 0.769392 0.00862535 0.01612 9.9955E-05 9.9955E-05 0.205363 9.9955E-05
9.9973E-05 0.4603 0.306567 0.0144593 9.9973E-05 0.0220731 9.9973E-05 0.189036 0.00726482
9.9955E-05 0.37623 0.550846 9.9955E-05 9.9955E-05 0.0164365 9.9955E-05 9.9955E-05 0.055988
9.9973E-05 0.237369 0.660781 0.0129091 0.0178934 0.0204364 9.9973E-05 0.0503105 9.9973E-05
0.135808 0.0647147 0.730322 0.0130512 9.9982E-05 0.0137551 9.9982E-05 0.0210246 0.0211243
9.9964E-05 0.232187 0.680554 0.0172547 9.9964E-05 0.0300365 9.9964E-05 0.0395675 9.9964E-05
0.00312735 0.0422245 0.759044 0.0202199 9.9982E-05 0.0218016 0.00595293 0.14743 9.9982E-05
0.0629329 0.342701 0.589688 9.9955E-05 0.00417897 9.9955E-05 9.9955E-05 9.9955E-05 9.9955E-05
9.99369E-05 9.99369E-05 9.99369E-05 9.99369E-05 9.99369E-05 9.99369E-05 0.576265 9.99369E-05 0.423035
9.99369E-05 9.99369E-05 9.99369E-05 9.99369E-05 9.99369E-05 9.99369E-05 0.467951 9.99369E-05 0.531349
9.99369E-05 9.99369E-05 9.99369E-05 9.99369E-05 9.99369E-05 9.99369E-05 0.538819 9.99369E-05 0.460482
9.99459E-05 9.99459E-05 9.99459E-05 9.99459E-05 0.0159399 9.99459E-05 0.469006 9.99459E-05 0.514454
0.204211 9.99549E-05 0.00647516 9.99549E-05 9.99549E-05 9.99549E-05 0.310366 9.99549E-05 0.478448
9.99459E-05 9.99459E-05 9.99459E-05 9.99459E-05 0.00751537 9.99459E-05 0.372623 9.99459E-05 0.619262
9.99369E-05 9.99369E-05 9.99369E-05 9.99369E-05 9.99369E-05 9.99369E-05 0.0124516 9.99369E-05 0.986849
9.9973E-05 0.0278784 0.552246 0.0365078 0.00508391 9.9973E-05 9.9973E-05 0.376328 0.00165624
9.9946E-05 9.9946E-05 0.229352 0.0084635 9.9946E-05 9.9946E-05 9.9946E-05 0.761585 9.9946E-05
9.9964E-05 0.0685879 0.554419 0.0351962 9.9964E-05 0.00540291 9.9964E-05 0.335994 9.9964E-05
9.9955E-05 0.161933 0.658964 0.0429009 9.9955E-05 9.9955E-05 9.9955E-05 0.135702 9.9955E-05
9.9946E-05 9.9946E-05 0.638204 0.025122 9.9946E-05 9.9946E-05 9.9946E-05 0.336074 9.9946E-05
9.9982E-05 0.0852576 0.765866 0.0293311 0.00241346 9.9982E-05 0.0102841 0.0518538 0.0547943
9.9955E-05 0.408413 0.468688 0.0447101 9.9955E-05 9.9955E-05 9.9955E-05 0.0776889 9.9955E-05
0.00746188 9.9973E-05 0.80585 0.0323264 9.9973E-05 9.9973E-05 0.0157777 0.0826369 0.0556472
9.9964E-05 0.0976393 0.379549 0.00676264 0.00325058 9.9964E-05 9.9964E-05 0.512398 9.9964E-05
9.9955E-05 0.213604 0.519176 0.0711123 9.9955E-05 9.9955E-05 9.9955E-05 0.195608 9.9955E-05
0.236314 9.99459E-05 9.99459E-05 9.99459E-05 9.99459E-05 9.99459E-05 0.707393 9.99459E-05 0.0556931
0.688857 9.99459E-05 9.99459E-05 9.99459E-05 0.0331438 9.99459E-05 0.277399 9.99459E-05 9.99459E-05
0.541509 9.9946E-05 9.9946E-05 9.9946E-05 9.9946E-05 9.9946E-05 0.155297 9.9946E-05 0.302594
0.632045 9.9955E-05 0.0219988 9.9955E-05 9.9955E-05 9.9955E-05 0.159866 9.9955E-05 0.18559
0.714643 9.9955E-05 9.9955E-05 0.00084665 9.9955E-05 9.9955E-05 0.269677 0.0143339 9.9955E-05
0.766164 9.99369E-05 9.99369E-05 9.99369E-05 9.99369E-05 9.99369E-05 0.233136 9.99369E-05 9.99369E-05
9.99369E-05 9.99369E-05 9.99369E-05 9.99369E-05 9.99369E-05 9.99369E-05 0.968626 0.0306742 9.99369E-05
0.0712637 0.0499268 0.424175 0.0309879 0.00555092 0.00638413 9.9982E-05 0.411512 9.9982E-05
0.783485 0.0119739 9.9955E-05 0.0073785 9.9955E-05 9.9955E-05 0.196663 9.9955E-05 9.9955E-05
0.61213 9.99549E-05 9.99549E-05 9.99549E-05 0.017567 0.19923 9.99549E-05 9.99549E-05 0.170574
0.452535 9.99549E-05 9.99549E-05 9.99549E-05 0.0369025 9.99549E-05 0.464429 9.99549E-05 0.0456337
9.993E-05 9.993E-05 9.993E-05 9.993E-05 0.999201 9.993E-05 9.993E-05 9.993E-05 9.993E-05
0.658473 9.9973E-05 0.0214331 0.00406579 0.11493 0.0197374 0.181061 9.9973E-05 9.9973E-05
9.99369E-05 9.99369E-05 9.99369E-05 9.99369E-05 0.291797 9.99369E-05 0.707504 9.99369E-05 9.99369E-05
0.0669015 9.9973E-05 9.9973E-05 0.00281077 0.0808185 0.0150552 0.821731 0.0123834 9.9973E-05
0.781962 9.9946E-05 9.9946E-05 9.9946E-05 9.9946E-05 0.00201969 0.215419 9.9946E-05 9.9946E-05
0.490539 9.9964E-05 9.9964E-05 9.9964E-05 0.000354694 0.00795792 0.456276 9.9964E-05 0.0444726
0.0308492 9.99459E-05 0.0240825 9.99459E-05 9.99459E-05 9.99459E-05 0.944469 9.99459E-05 9.99459E-05
0.311048 9.99459E-05 9.99459E-05 9.99459E-05 9.99459E-05 9.99459E-05 0.371486 9.99459E-05 0.316866
9.99549E-05 9.99549E-05 9.99549E-05 9.99549E-05 0.0333822 0.00379316 0.936444 9.99549E-05 0.0258805
0.0509722 9.9955E-05 9.9955E-05 9.9955E-05 0.0152809 9.9955E-05 0.38087 9.9955E-05 0.552377
9.99459E-05 9.99459E-05 9.99459E-05 9.99459E-05 0.0277019 9.99459E-05 0.696367 9.99459E-05 0.275331
0.415745 9.9955E-05 9.9955E-05 9.9955E-05 0.0354413 9.9955E-05 0.0872702 9.9955E-05 0.461044
0.240316 9.9973E-05 0.113923 9.9973E-05 0.0873983 9.9973E-05 0.00316715 0.0127646 0.542131
0.00524596 9.99459E-05 9.99459E-05 9.99459E-05 9.99459E-05 0.699855 0.294299 9.99459E-05 9.99459E-05
0.151708 9.9955E-05 9.9955E-05 9.9955E-05 0.149511 0.00852746 0.689755 9.9955E-05 9.9955E-05
9.9955E-05 9.9955E-05 9.9955E-05 0.0112225 9.9955E-05 0.0747928 0.842833 0.0706524 9.9955E-05
0.0276462 9.9991E-05 0.633426 0.0165447 0.0852919 0.0773354 0.0272836 0.101713 0.0306593
9.99459E-05 9.99459E-05 9.99459E-05 9.99459E-05 0.653308 0.015548 0.330544 9.99459E-05 9.99459E-05
0.525852 9.9964E-05 0.286483 0.0284178 0.0492281 0.10962 9.9964E-05 9.9964E-05 9.9964E-05
0.590186 9.9973E-05 0.133118 9.9973E-05 0.179315 0.0356518 9.9973E-05 0.0597539 0.00167526
0.442776 9.9964E-05 0.0109463 0.00265107 9.9964E-05 9.9964E-05 0.0562082 9.9964E-05 0.487019
0.254767 0.0391945 9.99639E-05 9.99639E-05 0.676135 0.00526416 9.99639E-05 9.99639E-05 0.0242399
0.768523 0.0160123 0.0216127 0.0045851 0.0421732 9.9991E-05 0.0141207 0.00405412 0.128819
0.588976 9.99369E-05 9.99369E-05 9.99369E-05 9.99369E-05 9.99369E-05 0.410324 9.99369E-05 9.99369E-05
9.9982E-05 9.9982E-05 0.118077 0.00362016 0.595292 0.127457 0.0344849 0.0767566 0.0441122
9.9946E-05 0.433676 0.526041 9.9946E-05 9.9946E-05 9.9946E-05 9.9946E-05 9.9946E-05 0.0396839
0.781819 0.00341814 9.9982E-05 0.00585393 0.0670778 0.00881292 0.103056 0.0297626 9.9982E-05
0.623872 9.9964E-05 9.9964E-05 9.9964E-05 0.0946648 0.0424609 0.162675 9.9964E-05 0.0759274
9.9955E-05 0.201649 0.538727 0.0239171 9.9955E-05 9.9955E-05 9.9955E-05 0.235207 9.9955E-05
9.9946E-05 0.3259 0.390322 9.9946E-05 9.9946E-05 9.9946E-05 9.9946E-05 0.283178 9.9946E-05
9.9964E-05 0.0921027 0.750717 0.012919 9.9964E-05 9.9964E-05 0.0252459 0.118615 9.9964E-05
0.0807353 0.0806765 0.777242 0.0213007 9.9973E-05 9.9973E-05 0.0134015 0.0263445 9.9973E-05
9.9955E-05 0.406853 0.342573 0.0227545 9.9955E-05 9.9955E-05 9.9955E-05 0.22732 9.9955E-05
0.0744581 9.9973E-05 0.797628 0.0234799 9.9973E-05 9.9973E-05 0.0394793 0.0456877 0.018967
9.99785E-05 0.0281272 0.787039 0.0186132 0.0373113 9.99785E-05 9.99785E-05 0.118988 0.00962088
9.9955E-05 0.20651 0.573434 0.0232326 9.9955E-05 9.9955E-05 9.9955E-05 0.196323 9.9955E-05
9.9955E-05 0.114148 0.689399 0.0304377 9.9955E-05 9.9955E-05 9.9955E-05 0.165516 9.9955E-05
9.99749E-05 9.99749E-05 0.812727 0.0275145 0.0116629 9.99749E-05 0.0284359 0.0810842 0.0382752
0.00693395 9.9982E-05 0.821954 0.0233649 9.9982E-05 0.000643066 0.0338148 0.0807466 0.0323422
0.0447077 0.182219 0.684652 0.0422636 0.0118111 9.9982E-05 9.9982E-05 0.015135 0.0190109
9.9964E-05 0.24289 0.641465 9.9964E-05 9.9964E-05 0.00824439 9.9964E-05 0.0905444 0.0164561
9.9964E-05 0.146468 0.756044 0.0275915 0.0281561 9.9964E-05 9.9964E-05 9.9964E-05 0.0413402
0.131795 0.002745 0.781245 0.0408351 0.0114149 0.0105456 0.019423 9.9991E-05 0.00189692
9.993E-05 9.993E-05 9.993E-05 9.993E-05 9.993E-05 9.993E-05 9.993E-05 0.999201 9.993E-05
0.0555441 9.99459E-05 0.0337715 9.99459E-05 9.99459E-05 9.99459E-05 9.99459E-05 0.910085 9.99459E-05
9.993E-05 9.993E-05 9.993E-05 9.993E-05 9.993E-05 9.993E-05 9.993E-05 0.999201 9.993E-05
9.99693E-05 0.586604 0.392644 9.99693E-05 0.00389049 9.99693E-05 0.000608476 9.99693E-05 0.0158535
9.9937E-05 9.9937E-05 0.344323 9.9937E-05 9.9937E-05 9.9937E-05 9.9937E-05 0.654978 9.9937E-05
9.9937E-05 0.984862 9.9937E-05 9.9937E-05 9.9937E-05 0.0144381 9.9937E-05 9.9937E-05 9.9937E-05
0.014448 0.983753 9.99459E-05 9.99459E-05 9.99459E-05 9.99459E-05 0.00119884 9.99459E-05 9.99459E-05
0.0365632 0.0492356 0.730523 0.0239412 0.010819 0.00295346 0.00556087 0.138206 0.00219781
0.0172815 0.00913427 0.823843 0.0374165 9.9982E-05 0.000810332 0.0487825 9.9982E-05 0.0625323
0.118424 0.0674542 0.604414 0.0153312 0.0293239 9.9982E-05 0.0541923 9.9982E-05 0.11066
0.0585411 0.0197331 0.715927 0.0311594 0.0277333 9.9982E-05 0.0579468 9.9982E-05 0.0887595
9.99459E-05 0.086327 9.99459E-05 9.99459E-05 9.99459E-05 0.00378727 9.99459E-05 0.909286 9.99459E-05
0.0317079 9.9964E-05 0.812845 0.0115908 9.9964E-05 9.9964E-05 0.0523933 9.9964E-05 0.0910636
0.469371 0.0127802 0.292496 0.0285378 0.060203 9.9982E-05 9.9982E-05 0.0474063 0.0890063
0.48882 9.9964E-05 0.176214 9.9964E-05 0.114665 9.9964E-05 0.0604114 9.9964E-05 0.15949
0.782217 0.0122214 0.11084 9.9973E-05 0.0365788 9.9973E-05 9.9973E-05 0.0260988 0.0317437
0.251597 0.0746404 0.573622 0.0307556 0.0221688 9.9982E-05 0.0262497 9.9982E-05 0.0207668
0.0230353 0.0561088 0.825711 0.0244226 0.0326716 0.00337265 0.0168328 0.017745 9.9991E-05
9.9973E-05 9.9973E-05 0.833953 0.0159733 0.0221133 0.0128857 9.9973E-05 0.0325932 0.0821816
9.9964E-05 9.9964E-05 0.82049 0.0202967 9.9964E-05 0.00249847 9.9964E-05 0.0598742 0.0964404
0.094024 0.0459717 0.794152 0.0372097 0.00629452 9.9982E-05 0.0177112 0.00443716 9.9982E-05
9.9973E-05 9.9973E-05 0.890596 0.0180429 0.0385319 0.0101688 9.9973E-05 0.0283274 0.0140329
0.653236 9.9964E-05 0.0355875 0.00151453 0.0733054 9.9964E-05 9.9964E-05 9.9964E-05 0.235956
0.560219 9.99549E-05 9.99549E-05 9.99549E-05 0.106398 9.99549E-05 0.244328 9.99549E-05 0.0885557
0.435597 9.99549E-05 9.99549E-05 9.99549E-05 0.081514 9.99549E-05 0.267503 9.99549E-05 0.214886
0.740283 9.9946E-05 9.9946E-05 9.9946E-05 9.9946E-05 9.9946E-05 0.0658612 9.9946E-05 0.193256
0.625208 9.9973E-05 0.0164056 9.9973E-05 9.9973E-05 0.00440492 0.0744856 0.00608746 0.273108
0.588473 9.99549E-05 9.99549E-05 9.99549E-05 0.112889 9.99549E-05 0.13094 9.99549E-05 0.167198
0.790187 9.9964E-05 9.9964E-05 9.9964E-05 0.036182 9.9964E-05 0.0437875 0.00668137 0.122763
0.495928 9.995E-05 9.995E-05 9.995E-05 0.0589918 9.995E-05 0.212123 9.995E-05 0.232457
0.360046 9.99549E-05 9.99549E-05 9.99549E-05 0.114256 9.99549E-05 0.506302 9.99549E-05 0.0188959
0.606725 9.9946E-05 9.9946E-05 9.9946E-05 9.9946E-05 9.9946E-05 0.156387 9.9946E-05 0.236289
0.695942 9.9946E-05 9.9946E-05 9.9946E-05 0.0564727 9.9946E-05 9.9946E-05 9.9946E-05 0.246985
0.649538 0.00589602 9.9982E-05 0.00548449 0.030229 9.9982E-05 0.0145127 0.00808921 0.286051
9.9982E-05 0.0204701 0.759772 0.0117941 0.0166988 9.9982E-05 0.0149353 0.150533 0.0255965
9.9955E-05 9.9955E-05 0.536998 0.0286774 0.00669556 9.9955E-05 9.9955E-05 0.427129 9.9955E-05
9.9973E-05 0.108483 0.785123 0.0144145 9.9973E-05 9.9973E-05 0.0346702 0.02328 0.0337296
9.993E-05 9.993E-05 9.993E-05 0.999201 9.993E-05 9.993E-05 9.993E-05 9.993E-05 9.993E-05
9.9964E-05 0.0526203 0.750222 0.0718612 9.9964E-05 9.9964E-05 0.0302501 0.0946462 9.9964E-05
0.0710704 9.99549E-05 0.305028 0.571739 9.99549E-05 9.99549E-05 9.99549E-05 9.99549E-05 0.0516628
0.0458923 9.9973E-05 0.132668 0.0316181 0.0628486 0.00887211 9.9973E-05 0.717801 9.9973E-05
9.9946E-05 9.9946E-05 0.399112 0.083552 9.9946E-05 9.9946E-05 9.9946E-05 0.516736 9.9946E-05
9.993E-05 9.993E-05 9.993E-05 0.999201 9.993E-05 9.993E-05 9.993E-05 9.993E-05 9.993E-05
9.9981E-05 9.9981E-05 0.321496 0.0857241 0.0382508 0.0414203 0.0337886 0.47902 9.9981E-05
9.9973E-05 0.120205 0.709652 0.0455168 0.023432 9.9973E-05 0.0063639 0.0945305 9.9973E-05
9.9955E-05 9.9955E-05 0.669429 0.108055 9.9955E-05 0.00857145 9.9955E-05 0.213444 9.9955E-05
