0.0834781 0.292739 0.623783
0.0927385 0.148409 0.758853
0.120127 0.219181 0.660692
0.265059 0.00195864 0.732982
0.107714 0.233217 0.659069
0.114906 0.104457 0.780637
0.105516 0.1086 0.785884
9.999E-05 0.729738 0.270162
9.9991E-05 0.613852 0.386048
9.9991E-05 0.893234 0.106666
9.9991E-05 0.77677 0.22313
9.9991E-05 0.774096 0.225804
9.9991E-05 0.720665 0.279235
9.9991E-05 0.861836 0.138064
9.9991E-05 0.78733 0.21257
9.9991E-05 0.672251 0.327649
9.9991E-05 0.882756 0.117144
9.9991E-05 0.686867 0.313033
9.9991E-05 0.839479 0.160421
9.9991E-05 0.581744 0.418156
9.9991E-05 0.757148 0.242752
9.9991E-05 0.702058 0.297842
9.9991E-05 0.768643 0.231257
9.9991E-05 0.699849 0.300051
9.9991E-05 0.731886 0.268014
9.9991E-05 0.727375 0.272525
9.9991E-05 0.737874 0.262026
9.9991E-05 0.882931 0.116969
9.9991E-05 0.591884 0.408016
0.111327 0.0579673 0.830706
0.139867 0.0388919 0.821241
0.101684 0.131737 0.766579
0.0389128 0.501683 0.459404
0.0852472 0.166737 0.748015
0.0125326 0.708151 0.279317
9.9991E-05 0.577666 0.422234
0.74742 0.25248 9.9991E-05
9.9991E-05 0.713655 0.286245
9.9991E-05 0.665483 0.334417
9.9991E-05 0.555333 0.444567
0.0537865 0.488937 0.457277
0.143649 0.0544554 0.801895
0.101621 0.118742 0.779636
9.9991E-05 0.735698 0.264202
9.9991E-05 0.805689 0.194211
9.9991E-05 0.819129 0.180771
9.9991E-05 0.750479 0.249421
9.9991E-05 0.693096 0.306804
9.9991E-05 0.754392 0.245508
9.9991E-05 0.788731 0.211169
9.9991E-05 0.846241 0.153659
9.9991E-05 0.712948 0.286952
9.9991E-05 0.762559 0.237341
9.9991E-05 0.837324 0.162576
0.44024 9.9991E-05 0.55966
0.538296 9.9991E-05 0.461604
0.421293 9.9991E-05 0.578607
0.252813 9.9991E-05 0.747087
0.280724 9.9991E-05 0.719176
0.612914 0.00575968 0.381326
0.277256 9.9991E-05 0.722644
0.253464 9.9991E-05 0.746436
0.113403 0.301616 0.584982
0.419538 9.9991E-05 0.580362
0.106758 0.0482719 0.84497
0.169839 9.9991E-05 0.830061
0.19668 9.9991E-05 0.80322
0.220059 9.9991E-05 0.779841
0.176824 9.9991E-05 0.823076
0.302275 9.9991E-05 0.697625
0.243457 9.9991E-05 0.756443
0.364024 9.9991E-05 0.635876
0.39967 9.9991E-05 0.60023
0.228095 9.9991E-05 0.771805
0.399387 9.9991E-05 0.600513
0.458311 9.9991E-05 0.541589
0.111177 0.0949907 0.793832
0.192268 9.9991E-05 0.807632
0.355435 9.9991E-05 0.644465
0.190507 9.9991E-05 0.809393
0.214931 9.9991E-05 0.784969
0.114462 0.0868866 0.798651
0.222105 9.9991E-05 0.777795
0.213329 9.9991E-05 0.786571
0.173852 0.00150671 0.824641
0.0406273 0.959273 9.9991E-05
0.0404615 0.959438 9.9991E-05
0.0222112 0.977689 9.9991E-05
0.0178517 0.982048 9.9991E-05
9.9991E-05 0.884376 0.115524
0.0202427 0.938423 0.0413344
9.9991E-05 0.912723 0.087177
0.302709 9.9991E-05 0.697191
0.47534 9.9991E-05 0.52456
0.316406 9.9991E-05 0.683494
0.236379 9.9991E-05 0.763521
0.258712 9.9991E-05 0.741188
0.140395 0.0106662 0.848939
0.295997 9.9991E-05 0.703903
0.134681 0.0242562 0.841063
0.383654 9.9991E-05 0.616246
0.299268 9.9991E-05 0.700632
0.0694513 0.930449 9.9991E-05
0.0123035 0.851255 0.136442
9.9991E-05 0.843607 0.156293
9.9991E-05 0.791474 0.208426
0.029222 0.805306 0.165472
9.9991E-05 0.843086 0.156814
0.133391 0.866509 9.9991E-05
0.321895 9.9991E-05 0.678005
9.9991E-05 0.777186 0.222714
0.0693905 0.71684 0.21377
0.0505046 0.910843 0.0386525
0.068471 0.847442 0.084087
0.0293475 0.780104 0.190548
0.121455 0.878445 9.9991E-05
0.13062 0.86928 9.9991E-05
0.0113058 0.806379 0.182315
0.0643051 0.887619 0.0480759
0.0900654 0.909835 9.9991E-05
0.00594833 0.945029 0.0490224
0.0832284 0.916672 9.9991E-05
0.0249388 0.937097 0.0379643
0.0543111 0.945589 9.9991E-05
9.9991E-05 0.823056 0.176844
9.9991E-05 0.702171 0.297729
0.493943 0.505957 9.9991E-05
0.10864 0.89126 9.9991E-05
0.242555 0.757345 9.9991E-05
0.209119 0.156151 0.63473
0.174232 0.825668 9.9991E-05
0.0906173 0.458145 0.451238
0.055339 0.582695 0.361966
9.9991E-05 0.795582 0.204318
0.0915762 0.748802 0.159622
9.9991E-05 0.715964 0.283936
0.0307638 0.865099 0.104137
0.266139 0.586253 0.147608
0.209361 9.9991E-05 0.790539
0.0165578 0.73081 0.252632
0.0351577 0.808248 0.156594
0.288443 9.9991E-05 0.711457
0.337522 9.9991E-05 0.662378
0.17839 9.9991E-05 0.82151
0.123334 0.029961 0.846705
0.367117 9.9991E-05 0.632783
0.108729 0.0791312 0.81214
0.161461 9.9991E-05 0.838439
0.266625 9.9991E-05 0.733275
0.232754 9.9991E-05 0.767146
0.133668 0.039653 0.826679
0.142172 0.036844 0.820984
0.156506 0.01744 0.826054
0.219836 9.9991E-05 0.780064
0.142319 0.0111501 0.846531
0.102656 0.106863 0.790482
0.698087 9.9991E-05 0.301813
0.541399 9.9991E-05 0.458501
0.623789 9.9991E-05 0.376111
0.261831 9.9991E-05 0.738069
0.424324 9.9991E-05 0.575576
0.466812 9.9991E-05 0.533088
0.393922 9.9991E-05 0.605978
0.181985 9.9991E-05 0.817915
0.102629 0.0836671 0.813704
0.0959372 0.23218 0.671882
0.100596 0.155214 0.744189
0.662241 9.9991E-05 0.33766
0.0777597 0.117243 0.804998
0.0403536 0.444923 0.514723
9.9991E-05 0.649103 0.350797
9.9991E-05 0.619035 0.380865
0.085381 0.215738 0.698881
0.126046 0.0255172 0.848437
0.104518 0.0564768 0.839005
0.110624 0.0409083 0.848468
0.102312 0.0528591 0.844829
0.128406 0.00620844 0.865385
9.9991E-05 0.732596 0.267304
0.0054655 0.877204 0.11733
9.99993E-05 0.893844 0.106056
9.9991E-05 0.775351 0.224549
9.9991E-05 0.766027 0.233873
9.9991E-05 0.814818 0.185082
9.9991E-05 0.748062 0.251838
9.9991E-05 0.845864 0.154036
0.0750827 0.924817 9.9991E-05
9.9991E-05 0.818121 0.181779
9.9991E-05 0.780958 0.218942
9.9991E-05 0.755292 0.244608
0.170334 0.00325856 0.826408
0.331009 9.9991E-05 0.668891
0.133326 0.0225252 0.844149
0.543809 9.9991E-05 0.456091
0.198212 9.9991E-05 0.801688
0.246403 0.0237323 0.729864
0.48359 9.9991E-05 0.51631
0.405036 9.9991E-05 0.594864
0.784472 9.99909E-05 0.215428
0.426973 0.0195725 0.553455
0.204793 9.9991E-05 0.795107
0.269404 9.9991E-05 0.730496
