0.470625 0.325521 0.0516884 0.0378396 0.0638854 0.0203513 0.0300886
0.719309 0.147718 0.0546902 9.9982E-05 9.9982E-05 0.0227593 0.055323
0.602916 0.229941 0.056958 0.0036211 0.00794199 0.0643717 0.0342501
0.669798 9.9991E-05 0.0902664 0.00878389 0.169028 0.0486257 0.0133977
0.615185 0.203241 0.0460726 0.0339765 9.9991E-05 0.0451785 0.0562465
0.746665 0.113716 0.0612988 0.0406654 9.9982E-05 0.0374548 9.9982E-05
0.773018 0.0625364 0.0535377 0.0868574 9.9991E-05 0.0162927 0.0076582
0.0553382 0.807723 0.00896422 9.9982E-05 9.9982E-05 0.00660762 0.121167
0.15612 0.710855 0.00915518 9.9982E-05 0.03411 9.9982E-05 0.0895603
9.9955E-05 0.618187 9.9955E-05 9.9955E-05 9.9955E-05 9.9955E-05 0.381314
0.0136741 0.825574 0.00650596 0.0207566 9.9982E-05 9.9982E-05 0.133289
0.0121472 0.728672 0.00524533 9.9991E-05 0.0272766 0.0118765 0.214682
0.022854 0.868078 0.00136267 0.00395069 0.0235496 0.00332424 0.076881
9.99549E-05 0.704026 9.99549E-05 9.99549E-05 9.99549E-05 9.99549E-05 0.295474
9.9964E-05 0.78957 9.9964E-05 0.120602 9.9964E-05 9.9964E-05 0.0894288
0.0886624 0.732056 0.00643455 0.149193 0.0234542 9.9982E-05 9.9982E-05
9.99639E-05 0.562405 9.99639E-05 0.0955409 9.99639E-05 9.99639E-05 0.341654
0.139961 0.666026 0.00126971 0.0516117 0.00414225 9.9991E-05 0.136889
9.9964E-05 0.646913 9.9964E-05 0.142825 9.9964E-05 9.9964E-05 0.209862
0.194107 0.614114 0.0272135 0.0992305 0.0228065 9.9991E-05 0.0424291
0.0476505 0.703473 9.9982E-05 0.158455 9.9982E-05 0.00542069 0.0848011
0.0738674 0.72091 0.0109454 0.18152 0.00319632 0.00946091 9.9991E-05
0.0343776 0.723916 9.9973E-05 0.118348 9.9973E-05 9.9973E-05 0.123059
0.090512 0.623106 0.00147715 0.284605 9.9973E-05 9.9973E-05 9.9973E-05
0.0515045 0.678007 9.9973E-05 0.241506 9.9973E-05 0.0286836 9.9973E-05
0.0524075 0.705187 9.9973E-05 0.212696 9.9973E-05 9.9973E-05 0.0294099
0.0590812 0.728741 0.00781295 0.0670463 0.00323655 9.9991E-05 0.133982
9.99639E-05 0.555885 9.99639E-05 0.164609 9.99639E-05 9.99639E-05 0.279106
0.157332 0.685561 0.00967558 0.0683365 0.0504784 0.0140275 0.0145897
0.807031 0.085779 0.0609534 0.020964 0.0142447 0.0109278 9.9991E-05
0.801674 0.0474346 0.06236 9.9991E-05 0.0554726 0.000374502 0.0325841
0.739213 0.0943686 0.0716456 0.0423788 9.9991E-05 0.00296916 0.0493253
0.22551 0.542751 0.0592336 0.131173 0.0291537 0.0120783 9.9991E-05
0.685851 0.165275 0.0512534 0.0374868 0.0253726 0.00570388 0.0290578
0.104696 0.161883 9.99639E-05 0.733021 9.99639E-05 9.99639E-05 9.99639E-05
0.176103 0.624396 0.021585 0.136208 0.0359412 0.00566689 9.9991E-05
9.995E-05 9.995E-05 9.995E-05 9.995E-05 9.995E-05 0.9994 9.995E-05
0.0179775 0.785296 0.0216889 0.125357 0.0187652 0.024305 0.00661045
0.100847 0.694098 0.00474088 0.141731 0.0297494 0.0058343 0.0229994
0.176351 0.615268 0.0152948 0.131969 0.0609168 9.9982E-05 9.9982E-05
0.211987 0.517004 0.0292575 0.150561 0.087781 0.00330899 9.9991E-05
0.757117 0.0614171 0.0673022 9.9991E-05 0.0691168 0.000213505 0.0447338
0.744678 0.146211 0.0597747 0.0160063 0.00410666 0.0190531 0.0101701
9.9973E-05 0.960421 0.000925916 9.9973E-05 0.0260963 9.9973E-05 0.0122567
9.9964E-05 0.872145 9.9964E-05 9.9964E-05 9.9964E-05 0.00491163 0.122544
9.9964E-05 0.771506 9.9964E-05 9.9964E-05 9.9964E-05 0.0197473 0.208347
9.999E-05 0.879907 0.0138577 0.0449624 0.00490397 0.00172438 0.054545
0.0100988 0.880508 0.0108227 9.9982E-05 0.0551328 9.9982E-05 0.0432376
9.9991E-05 0.908135 0.00455744 0.0440749 0.00213463 0.0125858 0.0284123
9.9964E-05 0.846638 0.000870735 9.9964E-05 9.9964E-05 9.9964E-05 0.152092
9.9955E-05 0.76421 9.9955E-05 9.9955E-05 9.9955E-05 9.9955E-05 0.23529
0.01097 0.871372 0.0121858 9.9982E-05 0.0342975 9.9982E-05 0.0709749
9.9964E-05 0.993981 9.9964E-05 9.9964E-05 9.9964E-05 0.000542536 0.00507612
9.9955E-05 0.785899 9.9955E-05 9.9955E-05 9.9955E-05 9.9955E-05 0.213601
0.326393 9.9973E-05 0.037334 0.00115743 0.634816 9.9973E-05 9.9973E-05
0.0877646 0.00855607 0.0220749 0.0477121 0.833243 0.000549844 9.9991E-05
0.345228 0.0101141 0.043583 9.9982E-05 0.597171 9.9982E-05 0.00370438
0.661112 0.0124526 0.0820897 9.9982E-05 0.232503 0.0116424 9.9982E-05
0.595109 0.00311245 0.0655333 0.0375836 0.276977 0.0215851 9.9991E-05
9.9991E-05 0.0277664 0.0348397 0.0396635 0.854447 0.0274742 0.0157092
0.627388 9.9973E-05 0.088966 9.9973E-05 0.272164 0.0111824 9.9973E-05
0.72192 9.99748E-05 0.0259358 9.99748E-05 0.190914 0.0609299 9.99748E-05
0.454894 0.246135 0.0644036 0.095315 0.0712181 0.00414468 0.0638902
0.369244 9.9973E-05 0.0603994 9.9973E-05 0.556002 0.0140542 9.9973E-05
0.836018 0.0585909 0.0505631 0.0380241 0.0065121 0.00977943 0.000512632
0.818566 0.00533676 0.0606733 0.0243379 0.0651566 0.0204814 0.00544792
0.728559 0.0255468 0.0384463 9.9991E-05 0.185639 0.00484525 0.0168638
0.727022 9.9982E-05 0.0744116 9.9982E-05 0.174075 0.00187215 0.0224191
0.792172 0.00358109 0.0535687 0.0381774 0.100668 0.0117328 9.9991E-05
0.561741 9.9964E-05 0.0554743 9.9964E-05 0.382385 9.9964E-05 9.9964E-05
0.624233 0.0106981 0.0555648 0.0261438 0.28316 9.9982E-05 9.9982E-05
0.466266 9.9964E-05 0.0763324 9.9964E-05 0.457002 9.9964E-05 9.9964E-05
0.387639 9.9964E-05 0.0514244 9.9964E-05 0.560537 9.9964E-05 9.9964E-05
0.712233 0.0153691 0.0479597 9.9991E-05 0.192275 0.0275985 0.0044644
0.411551 9.9964E-05 0.0420442 9.9964E-05 0.546005 9.9964E-05 9.9964E-05
0.266435 9.9964E-05 0.0838183 9.9964E-05 0.649347 9.9964E-05 9.9964E-05
0.738814 0.109527 0.0599966 0.0474591 0.0340506 0.00675332 0.00340006
0.787967 9.9982E-05 0.055029 0.00245235 0.139922 0.0144292 9.9982E-05
0.489742 9.9973E-05 0.0499207 9.9973E-05 0.427635 0.0324023 9.9973E-05
0.725884 0.0479134 0.0483558 9.9982E-05 0.154841 0.0228057 9.9982E-05
0.782166 9.9982E-05 0.0525799 0.00162768 0.127445 0.0359814 9.9982E-05
0.796009 0.090464 0.0522004 0.0195227 0.00114424 0.0199414 0.0207181
0.748865 9.9973E-05 0.054976 9.9973E-05 0.164499 0.0313601 9.9973E-05
0.754836 0.00296067 0.0545695 9.9982E-05 0.160261 0.0271733 9.9982E-05
0.820187 0.0258948 0.0280747 9.9982E-05 0.0929722 0.0326717 9.9982E-05
9.99549E-05 0.212853 9.99549E-05 9.99549E-05 9.99549E-05 9.99549E-05 0.786648
9.99549E-05 0.289065 9.99549E-05 9.99549E-05 9.99549E-05 9.99549E-05 0.710436
9.99549E-05 0.271119 9.99549E-05 9.99549E-05 9.99549E-05 9.99549E-05 0.728381
9.99549E-05 0.335406 9.99549E-05 9.99549E-05 9.99549E-05 9.99549E-05 0.664094
0.00662641 0.53699 9.99639E-05 9.99639E-05 9.99639E-05 9.99639E-05 0.455983
9.99549E-05 0.444743 9.99549E-05 9.99549E-05 9.99549E-05 9.99549E-05 0.554757
9.99549E-05 0.766291 9.99549E-05 9.99549E-05 9.99549E-05 9.99549E-05 0.23321
0.581749 9.9973E-05 0.0592272 0.00223422 0.35649 9.9973E-05 9.9973E-05
0.231739 9.9964E-05 0.0332976 9.9964E-05 0.734564 9.9964E-05 9.9964E-05
0.558483 9.9973E-05 0.0748504 9.9973E-05 0.359425 0.00694144 9.9973E-05
0.710978 9.9964E-05 0.0731135 9.9964E-05 0.215508 9.9964E-05 9.9964E-05
0.62047 9.9964E-05 0.0629757 9.9964E-05 0.316155 9.9964E-05 9.9964E-05
0.775031 0.0549349 0.0586427 0.00496293 0.088658 0.00334163 0.0144292
0.599356 9.9964E-05 0.0854001 9.9964E-05 0.314844 9.9964E-05 9.9964E-05
0.799161 0.0426893 0.057081 9.9982E-05 0.0695234 9.9982E-05 0.0313449
0.418863 9.9964E-05 0.0255927 9.9964E-05 0.555144 9.9964E-05 9.9964E-05
0.587553 9.9964E-05 0.106838 9.9964E-05 0.305208 9.9964E-05 9.9964E-05
0.0330569 0.14345 9.99639E-05 9.99639E-05 9.99639E-05 9.99639E-05 0.823093
9.9964E-05 0.51325 9.9964E-05 0.278829 9.9964E-05 9.9964E-05 0.207521
9.9964E-05 0.682743 9.9964E-05 0.125038 9.9964E-05 9.9964E-05 0.191819
0.0479256 0.644007 9.9982E-05 0.0975158 9.9982E-05 0.00208084 0.208271
0.0345177 0.469374 0.00587346 0.287993 9.9982E-05 9.9982E-05 0.202042
9.9964E-05 0.521568 9.9964E-05 0.337939 9.9964E-05 9.9964E-05 0.140093
9.9964E-05 9.9964E-05 9.9964E-05 0.0782837 0.0267468 9.9964E-05 0.89457
0.501549 0.00572327 0.0633978 0.0503418 0.364545 0.0143434 9.9991E-05
0.0660047 0.554859 0.00683253 0.165675 9.9982E-05 9.9982E-05 0.206429
9.99639E-05 0.678971 9.99639E-05 0.118213 9.99639E-05 0.202416 9.99639E-05
9.9973E-05 0.324974 9.9973E-05 0.281727 9.9973E-05 0.000184041 0.392816
9.99548E-05 0.0454068 9.99548E-05 0.954093 9.99548E-05 9.99548E-05 9.99548E-05
0.0714375 0.39807 9.9982E-05 0.430581 9.9982E-05 0.00596858 0.0937425
9.99549E-05 9.99549E-05 9.99549E-05 0.517485 9.99549E-05 9.99549E-05 0.482016
9.99639E-05 9.99639E-05 9.99639E-05 0.454392 9.99639E-05 0.0260124 0.519196
0.0256525 0.534901 9.9982E-05 0.291085 9.9982E-05 0.0019796 0.146182
0.0200153 0.357209 9.9982E-05 0.164749 9.9982E-05 0.0120641 0.445762
0.00866878 9.9964E-05 0.0111712 9.9964E-05 9.9964E-05 9.9964E-05 0.97976
9.99639E-05 0.494809 9.99639E-05 0.0271318 9.99639E-05 9.99639E-05 0.47766
9.99639E-05 9.99639E-05 9.99639E-05 0.0988326 9.99639E-05 0.0242139 0.876554
9.9955E-05 0.451208 9.9955E-05 9.9955E-05 9.9955E-05 9.9955E-05 0.548292
9.99639E-05 0.0786661 9.99639E-05 0.0635193 9.99639E-05 9.99639E-05 0.857415
9.9964E-05 0.744037 9.9964E-05 0.0574871 9.9964E-05 9.9964E-05 0.198076
0.0342464 0.756203 0.00419972 0.104646 0.0470002 0.00644548 0.0472591
9.99549E-05 9.99549E-05 9.99549E-05 9.99549E-05 9.99549E-05 0.734812 0.264689
9.99639E-05 9.99639E-05 9.99639E-05 0.506546 9.99639E-05 0.00336592 0.489689
9.9973E-05 9.9973E-05 0.0160747 9.9973E-05 0.0582814 0.109253 0.816091
0.657794 9.9991E-05 0.0403932 0.170644 0.058641 0.0646754 0.00775235
9.99639E-05 9.99639E-05 9.99639E-05 0.952484 9.99639E-05 0.00666003 0.0404561
0.319503 0.343038 0.0357454 0.211191 9.9982E-05 0.090323 9.9982E-05
0.20666 0.39251 0.0133768 0.348391 0.0189065 0.0200557 9.9991E-05
9.9973E-05 0.790092 0.00574656 0.032702 9.9973E-05 9.9973E-05 0.17116
0.0712245 0.157444 9.99639E-05 0.770932 9.99639E-05 9.99639E-05 9.99639E-05
0.0725225 0.709809 0.002545 0.18712 9.9991E-05 0.000603444 0.0273002
0.0250865 0.383936 9.9973E-05 0.234445 9.9973E-05 9.9973E-05 0.356233
0.144589 0.0648781 0.0112124 0.549845 0.0810849 0.101737 0.046654
0.760561 9.9982E-05 0.0523037 9.9982E-05 0.160639 0.0124986 0.0137977
0.0606595 0.553575 0.0185056 0.266244 0.00108687 0.0131855 0.0867437
9.9973E-05 0.531405 9.9973E-05 0.3297 9.9973E-05 0.0457038 0.0928914
0.601606 9.9964E-05 0.0568284 9.9964E-05 0.341166 9.9964E-05 9.9964E-05
0.495713 9.9964E-05 0.00346043 9.9964E-05 0.500427 9.9964E-05 9.9964E-05
0.790842 9.9973E-05 0.0524775 9.9973E-05 0.139761 9.9973E-05 0.0166199
0.788655 0.0869983 0.0424246 0.000221339 0.0750525 0.00404773 0.00260086
0.465533 9.9964E-05 0.0610236 9.9964E-05 0.473044 9.9964E-05 9.9964E-05
0.770753 0.067687 0.0496182 9.9982E-05 0.0454363 9.9982E-05 0.0663053
0.761482 0.0495507 0.0524822 9.9973E-05 0.136185 9.9973E-05 9.9973E-05
0.618256 9.9964E-05 0.0631567 9.9964E-05 0.318188 9.9964E-05 9.9964E-05
0.69045 9.9964E-05 0.0614783 9.9964E-05 0.247672 9.9964E-05 9.9964E-05
0.782831 0.0518624 0.0543354 9.9982E-05 0.074648 9.9982E-05 0.0361227
0.804402 0.0485405 0.0540903 9.9991E-05 0.059371 0.0136762 0.0198204
0.759638 0.0541933 0.0831041 0.0181228 0.0847416 9.9982E-05 9.9982E-05
0.723341 0.0204715 0.0265739 9.9982E-05 0.213579 0.0158343 9.9982E-05
0.810583 0.0513494 0.0651628 9.9982E-05 0.064936 0.00776916 9.9982E-05
0.759089 0.112727 0.0712834 0.013208 9.9991E-05 0.0107829 0.0328096
9.995E-05 9.995E-05 9.995E-05 9.995E-05 0.9994 9.995E-05 9.995E-05
0.0761543 0.024186 0.0107575 0.0282034 0.860499 9.9982E-05 9.9982E-05
9.995E-05 9.995E-05 9.995E-05 9.995E-05 0.9994 9.995E-05 9.995E-05
0.664883 9.9973E-05 0.0618072 9.9973E-05 0.264367 9.9973E-05 0.00864313
0.349257 9.9964E-05 0.0261589 9.9964E-05 0.624185 9.9964E-05 9.9964E-05
0.285984 0.00292428 0.035829 9.9982E-05 0.651467 0.0235956 9.9982E-05
0.422826 9.9973E-05 0.0471682 9.9973E-05 0.52338 9.9973E-05 0.00632563
0.734227 0.0485705 0.0747269 9.9991E-05 0.135213 0.0066965 0.000466332
0.808564 0.0740079 0.0588035 9.9973E-05 9.9973E-05 9.9973E-05 0.0583248
0.588967 0.196605 0.048865 0.0844361 0.0416349 9.9991E-05 0.0393923
0.676347 0.143971 0.0686779 0.0330542 0.0220953 9.9991E-05 0.0557551
9.995E-05 9.995E-05 9.995E-05 9.995E-05 0.9994 9.995E-05 9.995E-05
0.795444 0.0932144 0.0389602 0.0014784 9.9982E-05 9.9982E-05 0.0707031
0.311565 0.462516 0.031633 0.139339 0.0540293 0.000817934 9.9991E-05
0.17415 0.51367 9.9973E-05 0.273829 9.9973E-05 9.9973E-05 0.038051
0.152221 0.65512 0.00566996 0.157806 0.0289837 9.9982E-05 9.9982E-05
0.648472 0.161048 0.0487638 0.0620427 0.01235 0.000160305 0.0671626
0.82802 0.0178673 0.0548424 0.0430164 0.0451213 9.9991E-05 0.0110327
0.819861 0.08508 0.0521685 0.00853929 0.0114394 0.00142938 0.0214828
0.837023 0.0652335 0.0608633 9.9991E-05 0.00592275 0.0097289 0.0211288
0.831706 0.0644989 0.0645344 0.0129172 9.9982E-05 9.9982E-05 0.026144
0.824027 0.0337716 0.0601477 0.0268461 0.0550075 9.9982E-05 9.9982E-05
0.0519297 0.761006 0.00250093 0.126551 9.9982E-05 9.9982E-05 0.057813
9.99639E-05 0.461134 9.99639E-05 0.337852 9.99639E-05 9.99639E-05 0.200614
9.99639E-05 0.498376 9.99639E-05 0.204305 9.99639E-05 9.99639E-05 0.296919
0.0142147 0.752466 9.9982E-05 0.146101 9.9982E-05 0.000654627 0.0863636
0.0289388 0.734913 9.9982E-05 0.0337641 0.0210004 9.9982E-05 0.181184
9.9964E-05 0.593281 9.9964E-05 0.275048 9.9964E-05 9.9964E-05 0.131271
0.0409985 0.697705 9.9973E-05 0.187093 9.9973E-05 9.9973E-05 0.0739034
9.9964E-05 0.580602 9.9964E-05 0.158133 9.9964E-05 9.9964E-05 0.260865
9.99639E-05 0.218904 9.99639E-05 0.373004 9.99639E-05 9.99639E-05 0.407692
0.0145945 0.670646 9.9973E-05 0.0884345 9.9973E-05 9.9973E-05 0.226026
9.9964E-05 0.797679 9.9964E-05 0.144205 9.9964E-05 9.9964E-05 0.0577153
0.00775476 0.781773 0.00638953 0.104674 0.0187326 9.9991E-05 0.0805755
0.732925 0.0518317 0.0483268 9.9982E-05 0.156761 9.9982E-05 0.009956
0.557238 9.9973E-05 0.0726114 9.9973E-05 0.364565 0.00528542 9.9973E-05
0.821604 0.028794 0.0545654 9.9982E-05 0.0582966 9.9982E-05 0.0365395
9.99549E-05 0.000396328 0.999104 9.99549E-05 9.99549E-05 9.99549E-05 9.99549E-05
0.769605 9.9973E-05 0.102956 9.9973E-05 0.102333 9.9973E-05 0.0248059
0.275038 0.13656 0.588002 9.99639E-05 9.99639E-05 9.99639E-05 9.99639E-05
0.225665 9.9982E-05 0.073999 0.0885606 0.585962 0.0256133 9.9982E-05
0.415222 9.9973E-05 0.0953473 9.9973E-05 0.485339 0.0037914 9.9973E-05
9.995E-05 9.995E-05 0.9994 9.995E-05 9.995E-05 9.995E-05 9.995E-05
0.342537 9.9982E-05 0.11893 0.0769415 0.404367 0.0570241 9.9982E-05
0.768536 9.9982E-05 0.0802201 0.0114569 0.130492 9.9982E-05 0.00909519
0.678123 9.9973E-05 0.159368 9.9973E-05 0.147385 0.014824 9.9973E-05
