0.0443912 0.017198 0.308484 0.0662265 0.47228 0.0620454 0.0293749
9.9982E-05 0.0249618 0.0731908 0.0476295 0.797726 9.9982E-05 0.0562924
9.999E-05 0.0284749 0.0720372 0.15376 0.630776 0.0747527 0.0400993
0.239442 0.0366034 9.9991E-05 0.0237593 0.519469 0.162814 0.0178122
9.999E-05 0.018897 0.276812 0.0214924 0.565587 0.0911908 0.0259209
9.999E-05 0.0201903 0.133507 0.00136369 0.770306 0.0620781 0.0124546
0.0308216 0.0092498 0.105762 9.9991E-05 0.803298 0.0220938 0.0286748
9.9982E-05 0.0033773 0.27461 0.612775 0.104171 0.00486639 9.9982E-05
0.0987631 0.013073 0.355549 0.424995 0.10742 9.9982E-05 9.9982E-05
9.9964E-05 9.9964E-05 0.0981118 0.696007 9.9964E-05 9.9964E-05 0.205482
9.9973E-05 9.9973E-05 0.317291 0.616971 0.0522459 9.9973E-05 0.0131925
9.999E-05 0.00404471 0.136375 0.700797 0.0538473 0.0355888 0.0692479
0.0659438 9.9973E-05 0.303005 0.603882 0.0268693 9.9973E-05 9.9973E-05
9.9964E-05 9.9964E-05 0.163208 0.723291 9.9964E-05 9.9964E-05 0.113101
9.9973E-05 9.9973E-05 0.491332 0.476072 9.9973E-05 0.0150924 0.0172036
0.0543244 9.9982E-05 0.631333 0.265109 0.0297232 0.01931 9.9982E-05
9.99639E-05 9.99639E-05 0.391502 0.37912 9.99639E-05 9.99639E-05 0.228978
0.011615 0.00773002 0.356098 0.443967 0.131503 9.9991E-05 0.0489876
9.9964E-05 9.9964E-05 0.446844 0.407978 9.9964E-05 9.9964E-05 0.144778
0.0360274 0.00667497 0.585762 0.178325 0.148112 0.0449981 9.9991E-05
0.0166068 9.9982E-05 0.680465 0.245248 9.9982E-05 0.0095216 0.047959
0.0364969 0.00411637 0.699125 0.230813 9.9982E-05 0.0292488 9.9982E-05
0.0114219 9.9982E-05 0.553488 0.348769 0.0168778 9.9982E-05 0.0692434
0.0571986 9.9973E-05 0.843837 0.0723394 9.9973E-05 9.9973E-05 0.0263255
9.9973E-05 9.9973E-05 0.923582 0.0325051 9.9973E-05 0.016293 0.0273203
0.0189893 9.9973E-05 0.857562 0.110567 9.9973E-05 9.9973E-05 0.0125821
0.048409 0.000528016 0.517218 0.366071 0.0233816 9.9991E-05 0.0442919
9.99639E-05 9.99639E-05 0.5271 0.27237 9.99639E-05 9.99639E-05 0.20013
0.00621205 0.00469511 0.558802 0.215628 0.174502 0.0400614 9.9991E-05
0.219221 0.0100262 0.104996 0.00186671 0.663689 9.9982E-05 9.9982E-05
0.322537 0.00894494 9.9973E-05 0.0779095 0.590308 9.9973E-05 9.9973E-05
0.251 0.0346498 0.162269 0.0435242 0.504192 9.9991E-05 0.00426495
0.0592579 0.0265797 0.628404 0.0738616 0.175497 0.0362996 9.9991E-05
0.0645382 0.00805277 0.101462 0.056025 0.699991 0.0193917 0.0505394
0.0519326 0.00494592 0.796962 9.9982E-05 0.0174599 9.9982E-05 0.128499
0.0283997 0.00469845 0.605861 0.164034 0.152137 0.0447699 9.9991E-05
9.99551E-05 9.99551E-05 9.99551E-05 9.99551E-05 9.99551E-05 0.594568 0.404932
9.9991E-05 0.0109293 0.668093 0.259405 0.0287426 0.0282024 0.0045281
9.9982E-05 0.00338235 0.466924 0.37268 0.108341 0.048472 9.9982E-05
0.058159 0.00679725 0.755605 0.0123978 0.136418 0.0305237 9.9991E-05
0.119597 0.0154935 0.468085 0.191737 0.14 0.0649867 9.9991E-05
0.0355206 0.0410697 9.9991E-05 0.0554078 0.795057 0.0502426 0.0226026
0.0957692 0.0282182 0.126429 0.021875 0.698516 0.0143895 0.0148035
0.0428054 0.00373791 9.9973E-05 0.882513 0.070644 9.9973E-05 9.9973E-05
9.9973E-05 0.00653835 9.9973E-05 0.943178 0.0226304 0.0273531 9.9973E-05
9.9973E-05 0.0124172 9.9973E-05 0.900471 9.9973E-05 0.0340239 0.0527883
0.00536897 0.0184031 0.387443 0.560006 0.0285794 9.9982E-05 9.9982E-05
0.0719702 0.00275572 0.0730045 0.75989 0.0921799 9.9982E-05 9.9982E-05
9.9973E-05 0.0137988 0.385806 0.565324 0.0347705 9.9973E-05 9.9973E-05
0.0299974 0.00202113 0.0933325 0.843869 0.0272254 9.9991E-05 0.00345432
9.9964E-05 9.9964E-05 9.9964E-05 0.9649 9.9964E-05 0.01267 0.0220302
0.0621629 0.00879997 0.169417 0.713306 0.0461147 9.9982E-05 9.9982E-05
0.00964139 9.9973E-05 9.9973E-05 0.917068 0.0631261 0.00986505 9.9973E-05
0.0185214 0.0082607 9.9973E-05 0.929595 9.9973E-05 9.9973E-05 0.0433227
0.203849 0.021489 9.9973E-05 9.9973E-05 0.318233 0.456129 9.9973E-05
0.166016 0.0209254 0.0181637 9.9982E-05 0.181233 0.613462 9.9982E-05
0.235931 0.031062 9.9973E-05 9.9973E-05 0.323626 0.409082 9.9973E-05
9.9964E-05 0.0262678 9.9964E-05 9.9964E-05 0.707601 0.265732 9.9964E-05
9.9973E-05 0.0437942 0.0267793 9.9973E-05 0.642799 0.286328 9.9973E-05
0.0995423 0.027541 0.0931075 0.00609518 9.9982E-05 0.773514 9.9982E-05
0.108811 0.0455005 9.9973E-05 9.9973E-05 0.602828 0.24256 9.9973E-05
9.9964E-05 9.9964E-05 9.9964E-05 9.9964E-05 0.73062 0.262907 0.00607367
0.205062 0.0156291 0.182243 0.139348 0.367279 0.0244515 0.0659869
9.9964E-05 0.0360492 9.9964E-05 9.9964E-05 0.462367 0.501184 9.9964E-05
0.0190085 0.0148679 0.0373651 0.0173085 0.863351 0.0324897 0.0156089
0.217441 0.0212479 9.9991E-05 0.0181658 0.679089 0.0529339 0.0110227
0.177936 0.00199173 0.0103843 9.9991E-05 0.677305 0.117247 0.0150361
0.461936 0.0351593 0.00998432 9.9991E-05 0.460399 0.0150195 0.0174024
0.0566545 0.0192027 0.0305022 9.9982E-05 0.78089 0.11255 9.9982E-05
0.370225 0.0299882 9.9973E-05 9.9973E-05 0.389011 0.210476 9.9973E-05
0.840447 9.9964E-05 0.0581548 9.9964E-05 0.100998 9.9964E-05 9.9964E-05
0.270345 0.0423165 9.9973E-05 9.9973E-05 0.356935 0.330104 9.9973E-05
0.802444 0.040978 9.9964E-05 9.9964E-05 9.9964E-05 0.156178 9.9964E-05
0.341006 0.0147772 0.0026236 0.0359472 0.493311 0.112235 9.9991E-05
0.285619 0.0342906 9.9973E-05 9.9973E-05 0.311878 0.367912 9.9973E-05
0.642708 0.0626876 9.99639E-05 9.99639E-05 9.99639E-05 0.294204 9.99639E-05
0.0397134 0.0147603 0.129609 9.9991E-05 0.762306 0.0455229 0.00798837
0.0776972 0.0123546 9.9973E-05 9.9973E-05 0.761144 0.148504 9.9973E-05
0.207388 0.0200269 9.9973E-05 9.9973E-05 0.41532 0.356966 9.9973E-05
0.0167567 0.0137025 9.9982E-05 0.0283463 0.757842 0.183153 9.9982E-05
0.128668 0.0162656 9.9973E-05 9.9973E-05 0.703867 0.150899 9.9973E-05
0.211113 0.0100643 0.112948 0.0183846 0.617877 0.0194615 0.0101512
9.9964E-05 0.0169641 9.9964E-05 9.9964E-05 0.776613 0.206023 9.9964E-05
0.122339 0.0154165 9.9973E-05 9.9973E-05 0.728986 0.132958 9.9973E-05
0.00445016 9.9982E-05 0.00425828 0.0163722 0.814878 0.159841 9.9982E-05
9.99549E-05 9.99549E-05 9.99549E-05 0.504543 9.99549E-05 9.99549E-05 0.494957
9.99549E-05 9.99549E-05 9.99549E-05 0.595384 9.99549E-05 9.99549E-05 0.404116
9.99549E-05 9.99549E-05 9.99549E-05 0.545621 9.99549E-05 9.99549E-05 0.45388
9.99549E-05 9.99549E-05 9.99549E-05 0.580785 9.99549E-05 9.99549E-05 0.418715
9.99639E-05 9.99639E-05 0.170475 0.580095 9.99639E-05 9.99639E-05 0.249031
9.99549E-05 9.99549E-05 9.99549E-05 0.694954 9.99549E-05 9.99549E-05 0.304546
9.99549E-05 9.99549E-05 9.99549E-05 0.97987 9.99549E-05 9.99549E-05 0.0196304
0.386475 0.0277045 9.9973E-05 9.9973E-05 0.40221 0.18331 9.9973E-05
0.61565 0.0315277 9.9964E-05 9.9964E-05 9.9964E-05 0.352423 9.9964E-05
0.960463 0.0276617 9.9973E-05 0.0107342 9.9973E-05 9.9973E-05 0.000841198
0.652916 0.0270841 0.00806142 9.9973E-05 0.311638 9.9973E-05 9.9973E-05
0.572961 0.0245374 9.9973E-05 9.9973E-05 0.308872 0.0933292 9.9973E-05
0.324405 0.0178025 9.9982E-05 0.0348442 0.611346 9.9982E-05 0.0114029
0.858103 0.0388071 0.00931736 9.9973E-05 0.0934724 9.9973E-05 9.9973E-05
0.119732 0.0219285 9.9991E-05 0.0550368 0.756043 0.0445602 0.00259885
0.891637 0.0118281 9.9973E-05 9.9973E-05 9.9973E-05 0.0914441 0.00479123
0.56236 0.0745428 9.99766E-05 9.99766E-05 0.268745 0.0940524 9.99766E-05
9.99639E-05 9.99639E-05 0.0744501 0.357676 9.99639E-05 9.99639E-05 0.567474
9.99639E-05 9.99639E-05 0.644171 0.114715 9.99639E-05 9.99639E-05 0.240714
9.9964E-05 9.9964E-05 0.467281 0.404049 9.9964E-05 9.9964E-05 0.12827
9.9973E-05 9.9973E-05 0.563478 0.30295 0.0217548 9.9973E-05 0.111517
9.9964E-05 9.9964E-05 0.733545 0.032427 9.9964E-05 9.9964E-05 0.233629
9.99549E-05 9.99549E-05 0.7836 9.99549E-05 9.99549E-05 9.99549E-05 0.2159
9.99639E-05 9.99639E-05 0.0786929 9.99639E-05 0.0246619 9.99639E-05 0.896245
0.807359 0.0315162 0.0768341 9.9982E-05 9.9982E-05 0.0758881 0.00820312
9.9982E-05 0.000597968 0.750096 0.0584427 0.0268048 9.9982E-05 0.163859
9.9973E-05 9.9973E-05 0.56291 0.22172 9.9973E-05 0.107435 0.107635
9.99639E-05 9.99639E-05 0.439164 0.131635 9.99639E-05 9.99639E-05 0.428801
9.9955E-05 9.9955E-05 0.660423 9.9955E-05 9.9955E-05 9.9955E-05 0.339077
0.0114432 9.9973E-05 0.717235 9.9973E-05 0.0378445 9.9973E-05 0.233178
9.99549E-05 9.99549E-05 0.241611 9.99549E-05 9.99549E-05 9.99549E-05 0.757889
9.99549E-05 9.99549E-05 0.218972 9.99549E-05 9.99549E-05 9.99549E-05 0.780529
9.9955E-05 9.9955E-05 0.80881 9.9955E-05 9.9955E-05 9.9955E-05 0.19069
9.9964E-05 9.9964E-05 0.443623 0.172923 9.9964E-05 9.9964E-05 0.383054
9.99639E-05 9.99639E-05 9.99639E-05 0.223768 0.000251436 9.99639E-05 0.775581
9.99639E-05 9.99639E-05 0.231726 0.470034 9.99639E-05 9.99639E-05 0.29784
9.99549E-05 9.99549E-05 9.99549E-05 0.159066 9.99549E-05 9.99549E-05 0.840434
9.9964E-05 9.9964E-05 0.0521049 0.626208 9.9964E-05 9.9964E-05 0.321288
9.99549E-05 9.99549E-05 9.99549E-05 0.356437 9.99549E-05 9.99549E-05 0.643063
9.9964E-05 9.9964E-05 0.376636 0.552964 9.9964E-05 9.9964E-05 0.0699999
0.0804994 0.00436353 0.414735 0.466758 0.026734 9.9991E-05 0.00681078
9.9955E-05 9.9955E-05 9.9955E-05 9.9955E-05 9.9955E-05 0.327551 0.671949
9.99639E-05 9.99639E-05 0.28154 0.0319808 9.99639E-05 9.99639E-05 0.686079
0.0604179 0.0163945 9.9973E-05 9.9973E-05 9.9973E-05 0.0337138 0.889174
9.9973E-05 9.9973E-05 0.0396935 9.9973E-05 0.686238 0.146145 0.127624
0.02068 9.9973E-05 0.159053 9.9973E-05 9.9973E-05 0.00797633 0.811991
9.9982E-05 0.026189 0.505651 9.9982E-05 0.300954 0.0719298 0.0950763
9.9973E-05 9.9973E-05 0.764533 9.9973E-05 0.0832297 0.122415 0.0295217
9.9973E-05 0.00855182 0.434157 0.516591 9.9973E-05 9.9973E-05 0.0404001
9.9982E-05 0.00364441 0.609156 9.9982E-05 0.061065 0.024425 0.30151
9.9973E-05 9.9973E-05 0.706573 0.207796 0.058168 9.9973E-05 0.0271631
9.99639E-05 9.99639E-05 0.605315 0.0694091 9.99639E-05 9.99639E-05 0.324876
0.00735636 0.011857 0.367198 9.9991E-05 0.0873059 0.193595 0.332587
9.9973E-05 0.00793947 9.9973E-05 0.00161928 0.782675 0.207466 9.9973E-05
0.0399845 0.00881466 0.794527 0.024165 9.9991E-05 0.00618599 0.126223
9.9973E-05 9.9973E-05 0.609201 0.152821 9.9973E-05 0.0172879 0.22039
0.743229 0.0272815 9.9973E-05 9.9973E-05 0.196764 0.032426 9.9973E-05
0.97577 9.9955E-05 9.9955E-05 9.9955E-05 9.9955E-05 0.0237305 9.9955E-05
0.371221 0.00385167 9.9982E-05 9.9982E-05 0.578553 0.0352584 0.0109159
0.260266 0.0141358 0.0643965 9.9982E-05 0.652698 9.9982E-05 0.00830412
0.620452 0.027249 9.9973E-05 9.9973E-05 0.173265 0.178733 9.9973E-05
0.00520576 0.0268349 0.0552898 0.0329751 0.843281 0.0168074 0.0196059
0.220936 9.9973E-05 9.9973E-05 0.0307629 0.668353 0.0796482 9.9973E-05
0.96132 0.00862406 0.0115748 0.00384649 0.014435 9.9982E-05 9.9982E-05
0.854861 0.00724627 0.0349025 9.9973E-05 0.10269 9.9973E-05 9.9973E-05
0.522736 0.00100273 0.0867995 0.0297928 0.359469 9.9982E-05 9.9982E-05
0.0246346 0.0147686 0.00802229 0.0285771 0.837812 0.0784351 0.00775033
0.441266 0.0275868 0.0849339 9.9973E-05 0.445913 9.9973E-05 9.9973E-05
0.239408 9.9973E-05 9.9973E-05 0.00428835 0.62284 0.133164 9.9973E-05
0.414367 0.00426908 9.9973E-05 0.0563293 0.524735 9.9973E-05 9.9973E-05
0.0405082 0.0315175 0.0482875 0.0549563 0.797391 9.9991E-05 0.0272396
0.0336112 9.99549E-05 9.99549E-05 9.99549E-05 9.99549E-05 0.965889 9.99549E-05
0.0380513 0.0108189 0.0141592 9.99819E-05 0.221356 0.715414 9.99819E-05
0.280898 0.0134768 9.99639E-05 9.99639E-05 9.99639E-05 0.705225 9.99639E-05
0.958022 9.9964E-05 0.0163956 0.025183 9.9964E-05 9.9964E-05 9.9964E-05
0.76671 0.0103153 9.9964E-05 9.9964E-05 9.9964E-05 0.222575 9.9964E-05
9.99639E-05 0.0127816 9.99639E-05 9.99639E-05 0.383973 0.602845 9.99639E-05
0.940694 0.00812631 9.9964E-05 9.9964E-05 9.9964E-05 0.0507794 9.9964E-05
0.251169 0.0146252 0.0374395 9.9982E-05 0.637273 0.0592927 9.9982E-05
9.9973E-05 0.0278702 9.9973E-05 0.0590464 0.879804 9.9973E-05 0.0329791
0.132217 0.00329119 0.142009 0.0954948 0.546823 0.0259072 0.0542584
0.204925 0.0231637 0.148596 0.0762729 0.53579 9.9991E-05 0.0111522
9.99549E-05 9.99549E-05 9.99549E-05 9.99549E-05 0.0534517 0.946049 9.99549E-05
0.0283137 0.0161639 0.0480716 0.067566 0.813204 9.9991E-05 0.0265807
0.229054 0.00584065 0.52356 0.10978 0.126055 0.00560954 9.9991E-05
9.9973E-05 9.9973E-05 0.626824 0.107874 0.179894 9.9973E-05 0.085108
0.0481112 9.9982E-05 0.732981 0.0995448 0.0949917 0.0241716 9.9982E-05
0.195251 0.0157774 0.254728 0.0256591 0.475429 9.9991E-05 0.0330554
0.196014 0.0155858 0.0372271 9.9982E-05 0.73432 9.9982E-05 0.0166535
0.0943147 0.0128356 0.035395 0.0251147 0.807632 9.9991E-05 0.0246079
0.0583232 0.0212102 9.9982E-05 0.0635586 0.824428 0.03228 9.9982E-05
0.228329 0.0239622 0.101584 9.9982E-05 0.637765 9.9982E-05 0.00815987
0.131778 0.0170582 0.0140587 9.9991E-05 0.79988 0.0259627 0.0111627
0.00807509 9.9973E-05 0.715908 0.249189 0.0265281 9.9973E-05 9.9973E-05
9.99639E-05 9.99639E-05 0.66945 0.0852336 9.99639E-05 9.99639E-05 0.244916
9.99639E-05 9.99639E-05 0.529422 0.222925 9.99639E-05 9.99639E-05 0.247253
9.9964E-05 9.9964E-05 0.685392 0.269525 9.9964E-05 9.9964E-05 0.0446838
0.00431724 9.9982E-05 0.559949 0.347648 0.0302293 9.9982E-05 0.0576558
9.9964E-05 9.9964E-05 0.710256 0.145137 9.9964E-05 9.9964E-05 0.144207
9.9973E-05 9.9973E-05 0.790496 0.168592 9.9973E-05 0.00986183 0.03075
9.9964E-05 9.9964E-05 0.515085 0.293198 9.9964E-05 9.9964E-05 0.191317
9.99639E-05 9.99639E-05 0.494551 0.0393677 9.99639E-05 9.99639E-05 0.465681
9.9964E-05 9.9964E-05 0.587672 0.297922 9.9964E-05 9.9964E-05 0.114006
9.9964E-05 9.9964E-05 0.690486 0.306369 9.9964E-05 9.9964E-05 0.00274461
0.0100426 0.00793254 0.636208 0.329391 9.9991E-05 0.00369832 0.0126279
9.9973E-05 0.0178637 0.0232771 9.9973E-05 0.809699 0.14886 9.9973E-05
0.402987 0.0519186 9.9973E-05 9.9973E-05 0.360958 0.183837 9.9973E-05
0.24526 0.016545 9.9982E-05 0.0509829 0.67484 9.9982E-05 0.0121723
9.995E-05 0.9994 9.995E-05 9.995E-05 9.995E-05 9.995E-05 9.995E-05
0.112475 0.0704887 9.9982E-05 9.9982E-05 0.751419 0.0584608 0.00695726
9.99729E-05 0.569345 0.114164 0.0178429 0.298348 9.99729E-05 9.99729E-05
9.9982E-05 0.0668229 0.012044 9.9982E-05 0.369356 0.517205 0.0343725
0.387313 0.0857639 9.9973E-05 9.9973E-05 0.253746 0.272877 9.9973E-05
9.995E-05 0.9994 9.995E-05 9.995E-05 9.995E-05 9.995E-05 9.995E-05
0.0463933 0.110768 9.9982E-05 9.9982E-05 0.415463 0.362817 0.0643592
0.456286 0.0404476 0.00729504 9.9991E-05 0.487245 0.000355307 0.00827107
0.0137329 0.10341 9.9973E-05 9.9973E-05 0.691353 0.191204 9.9973E-05
