0.0668956 0.0278016 0.316015 0.270313 9.9991E-05 0.318875
0.0577902 9.9982E-05 0.425416 0.337566 9.9982E-05 0.179027
0.126105 0.0234688 0.706542 9.9982E-05 9.9982E-05 0.143684
0.0152 0.0299005 0.572723 0.250477 0.131599 9.9991E-05
0.131269 0.0143959 0.202274 0.384866 0.0598932 0.207302
0.0277303 9.9991E-05 0.153162 0.636503 0.0211918 0.161313
9.9982E-05 0.0339012 0.00269388 0.810596 9.9982E-05 0.152609
0.648578 0.00943737 0.0500183 0.0464652 9.9991E-05 0.245401
0.480493 9.9982E-05 9.9982E-05 0.193308 0.024733 0.301266
0.737243 0.19851 9.9973E-05 9.9973E-05 9.9973E-05 0.0639472
0.691521 0.0190247 9.9982E-05 0.0583729 9.9982E-05 0.230881
0.714127 0.095972 0.0620307 0.0305668 0.00719693 0.0901068
0.630883 9.9973E-05 9.9973E-05 0.100926 9.9973E-05 0.26789
0.786547 0.103285 0.00646261 9.9982E-05 9.9982E-05 0.103506
0.513256 0.0087081 0.0166559 9.9982E-05 9.9982E-05 0.46118
0.341728 9.9991E-05 0.076586 0.0326292 0.00654196 0.542415
0.400018 0.216915 9.99729E-05 9.99729E-05 9.99729E-05 0.382767
0.489681 0.0364772 0.0348237 0.104773 9.9991E-05 0.334145
0.418728 0.140755 9.9973E-05 9.9973E-05 9.9973E-05 0.440218
0.257984 9.9991E-05 0.131163 0.0864169 0.0133216 0.511014
0.296516 0.0426859 0.0345285 9.9982E-05 9.9982E-05 0.62607
0.293241 9.9982E-05 0.0701456 9.9982E-05 0.0164083 0.620005
0.352424 0.0629684 9.9982E-05 0.0345883 9.9982E-05 0.549819
0.0964221 0.0116191 9.9982E-05 0.0608358 9.9982E-05 0.830923
0.0799744 9.9982E-05 0.005119 9.9982E-05 0.0126624 0.902044
0.132989 0.00531594 9.9982E-05 0.0197418 9.9982E-05 0.841754
0.42033 0.038561 9.9982E-05 0.0873847 9.9982E-05 0.453524
0.316774 0.185805 9.99729E-05 9.99729E-05 9.99729E-05 0.497121
0.306236 9.9991E-05 0.169616 0.0564193 0.00262312 0.465005
0.0363076 0.0220345 9.9991E-05 0.889233 0.00140935 0.0509153
0.0434921 0.00326932 0.199937 0.685464 0.0251085 0.0427287
0.075998 0.0468267 0.0265973 0.781801 9.9991E-05 0.068677
0.133586 9.9982E-05 9.9982E-05 0.241517 0.0668148 0.557882
0.0635325 9.9991E-05 0.145603 0.556495 0.033773 0.200497
9.9982E-05 0.0906521 9.9982E-05 0.0521104 0.0100852 0.846952
0.219146 9.9991E-05 0.065151 0.13177 0.0382246 0.545609
9.99641E-05 0.4535 9.99641E-05 9.99641E-05 0.546101 9.99641E-05
0.297048 9.9991E-05 0.0225269 0.0352519 0.0285689 0.616505
0.412056 9.99905E-05 0.11816 0.033478 0.0113249 0.424881
0.142494 9.9991E-05 0.110027 0.0901231 0.029291 0.627965
0.201849 9.9991E-05 0.163368 0.1176 0.0551047 0.461978
0.0783267 0.00187177 0.225056 0.614686 0.0475314 0.0325276
0.0692685 0.0149875 0.223789 0.595795 9.9991E-05 0.0960603
0.886062 9.9982E-05 0.00920707 0.102926 0.00160524 9.9982E-05
0.946863 9.9973E-05 0.0289863 9.9973E-05 0.0238511 9.9973E-05
0.879425 0.066086 0.0256112 9.9982E-05 0.0286782 9.9982E-05
0.581011 9.9973E-05 9.9973E-05 0.050053 9.9973E-05 0.368636
0.764401 9.9982E-05 9.9982E-05 0.130734 0.027044 0.0776204
0.555611 9.9982E-05 9.9982E-05 0.0339101 0.00663268 0.403646
0.845203 0.0169824 9.9991E-05 0.0604375 0.000910707 0.0763661
0.946166 0.0405983 0.0129359 9.9973E-05 9.9973E-05 9.9973E-05
0.697858 9.9982E-05 9.9982E-05 0.117648 0.00488686 0.179407
0.912686 9.9973E-05 0.0178504 0.0691635 9.9973E-05 9.9973E-05
0.937637 0.043681 9.9982E-05 0.0129731 0.00550882 9.9982E-05
9.9973E-05 9.9973E-05 0.201953 0.342814 0.454933 9.9973E-05
9.9973E-05 9.9973E-05 0.389501 9.9973E-05 0.583977 0.026222
9.9964E-05 9.9964E-05 0.63818 9.9964E-05 0.36142 9.9964E-05
0.00775171 9.9982E-05 0.489284 0.343019 0.159745 9.9982E-05
9.9982E-05 9.9982E-05 0.658663 0.103071 0.183794 0.0542726
0.0660622 0.0157121 0.205004 9.9991E-05 0.711276 0.001845
9.9982E-05 9.9982E-05 0.33689 0.455149 0.207579 0.000182221
9.9973E-05 0.0142213 0.93325 9.9973E-05 0.0522292 9.9973E-05
0.0868094 0.0775773 0.238856 0.339535 0.0140812 0.243141
9.9973E-05 9.9973E-05 0.466648 0.147283 0.385768 9.9973E-05
0.0288232 9.9982E-05 0.283593 0.598754 9.9982E-05 0.0886298
0.0259375 0.0127388 0.527622 0.42904 0.00456218 9.9991E-05
9.9991E-05 0.00758026 0.554038 0.35663 0.0500876 0.0315643
9.9973E-05 0.0232016 9.9973E-05 0.852205 0.124294 9.9973E-05
9.9982E-05 9.9982E-05 0.205349 0.662917 0.0714649 0.0600691
9.9973E-05 9.9973E-05 0.181879 0.548824 0.268996 9.9973E-05
0.0037578 0.00148782 9.9991E-05 0.780454 0.195629 0.018571
9.9973E-05 9.9973E-05 0.444438 0.233711 0.321551 9.9973E-05
9.9964E-05 9.9964E-05 9.9964E-05 0.588181 0.411419 9.9964E-05
0.0284882 0.00968533 0.215871 0.61204 0.133816 9.9991E-05
9.9964E-05 9.9964E-05 0.672361 9.9964E-05 0.327239 9.9964E-05
9.99729E-05 9.99729E-05 0.38863 0.132079 0.478992 9.99729E-05
0.00660235 0.00330308 0.275809 0.535091 0.00460535 0.174589
9.9964E-05 9.9964E-05 0.946109 0.0534912 9.9964E-05 9.9964E-05
9.9964E-05 9.9964E-05 0.755767 9.9964E-05 0.243833 9.9964E-05
0.0428699 9.9982E-05 0.878633 0.0526336 0.0256635 9.9982E-05
0.00324173 0.0142352 0.442696 0.465014 0.0747136 9.9991E-05
0.0220894 0.0156067 0.071895 0.751265 0.0200775 0.119067
9.9973E-05 9.9973E-05 0.909874 0.0479532 0.0418733 9.9973E-05
9.9982E-05 0.00622072 0.832582 0.143675 0.017322 9.9982E-05
9.9964E-05 9.9964E-05 0.958589 9.9964E-05 9.9964E-05 0.0410115
0.505967 0.493634 9.99639E-05 9.99639E-05 9.99639E-05 9.99639E-05
0.591583 0.408017 9.99639E-05 9.99639E-05 9.99639E-05 9.99639E-05
0.541163 0.458437 9.99639E-05 9.99639E-05 9.99639E-05 9.99639E-05
0.579148 0.420452 9.99639E-05 9.99639E-05 9.99639E-05 9.99639E-05
0.608408 0.2475 9.9982E-05 0.00577484 9.9982E-05 0.138117
0.684461 0.31514 9.99639E-05 9.99639E-05 9.99639E-05 9.99639E-05
0.96472 0.0348805 9.99639E-05 9.99639E-05 9.99639E-05 9.99639E-05
9.9973E-05 9.9973E-05 0.0527378 0.676565 0.270397 9.9973E-05
9.9973E-05 9.9973E-05 0.450729 0.0481252 0.500846 9.9973E-05
9.9964E-05 9.9964E-05 9.9964E-05 0.730231 0.269369 9.9964E-05
9.9964E-05 9.9964E-05 9.9964E-05 0.837676 0.161924 9.9964E-05
9.9964E-05 9.9964E-05 9.9964E-05 0.785422 0.214179 9.9964E-05
0.052732 0.0161224 0.0180905 0.875724 0.0372308 9.9991E-05
9.9964E-05 9.9964E-05 9.9964E-05 0.748929 0.250671 9.9964E-05
0.0684636 9.9982E-05 0.663064 0.264924 9.9982E-05 0.00334797
9.9964E-05 9.9964E-05 9.9964E-05 0.630718 0.368882 9.9964E-05
9.9964E-05 9.9964E-05 9.9964E-05 0.719568 0.280032 9.9964E-05
0.394253 0.566083 9.9982E-05 0.00285348 9.9982E-05 0.0366108
0.160687 0.22285 9.9973E-05 9.9973E-05 9.9973E-05 0.616163
0.455587 0.115158 9.9973E-05 9.9973E-05 9.9973E-05 0.428955
0.391818 0.111935 0.0301555 0.00301304 9.9991E-05 0.462979
0.0566807 0.218322 0.00609459 9.9982E-05 9.9982E-05 0.718703
0.00655444 0.197575 9.99729E-05 9.99729E-05 9.99729E-05 0.79557
9.99729E-05 0.871995 9.99729E-05 0.0123255 9.99729E-05 0.11538
9.9982E-05 0.0303981 9.9982E-05 0.664387 0.284269 0.020746
0.160977 0.14178 9.9982E-05 0.0352226 9.9982E-05 0.66182
0.208455 0.116216 0.0555691 9.9991E-05 0.0428894 0.576771
0.159598 0.406553 9.99729E-05 9.99729E-05 9.99729E-05 0.43355
9.9964E-05 0.296643 9.9964E-05 9.9964E-05 9.9964E-05 0.702957
0.0376634 0.217065 9.9982E-05 0.0393811 9.9982E-05 0.70569
0.00327583 0.741326 9.99729E-05 9.99729E-05 9.99729E-05 0.255098
9.99639E-05 0.7717 9.99639E-05 9.99639E-05 9.99639E-05 0.2279
0.0423937 0.171962 9.9973E-05 9.9973E-05 9.9973E-05 0.785345
0.202007 0.368629 9.9973E-05 9.9973E-05 9.9973E-05 0.429064
0.231559 0.768041 9.99639E-05 9.99639E-05 9.99639E-05 9.99639E-05
0.498211 0.296317 9.99729E-05 9.99729E-05 9.99729E-05 0.205171
0.162941 0.836659 9.99639E-05 9.99639E-05 9.99639E-05 9.99639E-05
0.615406 0.316439 9.9973E-05 9.9973E-05 9.9973E-05 0.0678555
0.358452 0.641149 9.99639E-05 9.99639E-05 9.99639E-05 9.99639E-05
0.630467 0.0598855 9.9982E-05 0.000917362 9.9982E-05 0.30853
0.549777 9.9982E-05 9.9982E-05 0.0982102 0.0186499 0.333162
9.9964E-05 0.69479 9.9964E-05 9.9964E-05 0.30481 9.9964E-05
0.045618 0.661314 9.99729E-05 9.99729E-05 9.99729E-05 0.292768
9.9973E-05 0.887212 9.9973E-05 0.039151 0.0733373 9.9973E-05
9.9973E-05 0.101531 0.811666 9.9973E-05 9.9973E-05 0.0865025
9.9973E-05 0.776423 9.9973E-05 9.9973E-05 0.0161417 0.207135
9.9982E-05 0.0754309 0.386604 9.9982E-05 0.000282936 0.537482
9.9982E-05 0.0310818 0.168562 9.9982E-05 0.0481185 0.752038
0.551811 0.0318307 9.9982E-05 0.0170468 9.9982E-05 0.399112
9.9982E-05 0.271262 0.0743946 9.9982E-05 0.00463715 0.649506
0.209794 0.00334909 9.9991E-05 0.0472176 0.00723966 0.7323
0.104667 0.315441 9.99729E-05 9.99729E-05 9.99729E-05 0.579592
9.9982E-05 0.386923 0.251707 9.9982E-05 0.083655 0.277515
0.00677176 9.9982E-05 0.9226 0.0454966 0.0249322 9.9982E-05
0.0565858 0.0871672 9.9982E-05 9.9982E-05 0.0452875 0.810759
0.168336 0.20827 0.0253159 9.9982E-05 9.9982E-05 0.597877
9.9973E-05 9.9973E-05 0.121769 0.643164 0.234767 9.9973E-05
9.9973E-05 9.9973E-05 0.0677651 0.632124 0.299811 9.9973E-05
0.00723932 0.0113164 0.422929 0.516916 0.0414995 9.9991E-05
9.9973E-05 9.9973E-05 0.3383 0.559583 9.9973E-05 0.101817
9.9973E-05 9.9973E-05 0.104765 0.544741 0.350195 9.9973E-05
0.0982956 9.9982E-05 0.3474 0.519369 9.9982E-05 0.0347355
0.0319288 9.9991E-05 0.201721 0.698791 0.0553515 0.0121078
9.9964E-05 9.9964E-05 9.9964E-05 0.778876 0.220724 9.9964E-05
9.9964E-05 9.9964E-05 9.9964E-05 0.820117 0.179483 9.9964E-05
0.0820541 0.00540847 9.9991E-05 0.847894 0.0569789 0.00756442
0.0573404 0.00355426 0.470037 0.458396 9.9991E-05 0.010573
0.0510186 9.9982E-05 9.9982E-05 0.860961 0.0724414 0.0153792
0.0141649 9.9982E-05 0.651527 0.276427 0.0576812 9.9982E-05
0.0692765 9.9982E-05 0.0301262 0.837345 0.0630528 9.9982E-05
0.0293862 0.000778937 0.0335935 0.735357 0.0218713 0.179013
0.00961339 9.9982E-05 0.00895861 0.0835081 0.89772 9.9982E-05
9.9982E-05 9.9982E-05 0.0475004 0.258165 0.656584 0.0375507
9.99729E-05 9.99729E-05 0.150262 0.0699709 0.779468 9.99729E-05
9.9973E-05 0.00404349 9.9973E-05 0.805931 0.189726 9.9973E-05
9.9973E-05 9.9973E-05 0.292869 0.294752 0.412079 9.9973E-05
9.9964E-05 9.9964E-05 0.591726 9.9964E-05 0.407874 9.9964E-05
9.9964E-05 9.9964E-05 9.9964E-05 0.622649 0.376952 9.9964E-05
0.0195432 9.9991E-05 0.351797 0.527649 0.0720102 0.0289005
0.124561 0.018899 0.0263641 0.829976 9.9982E-05 9.9982E-05
0.102951 0.0333005 0.204975 0.468833 0.00779257 0.182149
0.0854198 0.0193866 0.0667393 0.679945 0.00507894 0.14343
9.99639E-05 9.99639E-05 0.20071 9.99639E-05 0.798891 9.99639E-05
0.124297 0.0196115 9.9982E-05 0.809668 9.9982E-05 0.0462236
0.162124 9.9982E-05 9.9982E-05 0.325143 0.0559054 0.456628
0.165177 0.0553433 0.156308 9.9982E-05 9.9982E-05 0.622972
0.0872115 9.9982E-05 0.082126 0.0780042 9.9982E-05 0.752458
0.100182 0.0170412 0.092098 0.571033 0.0184374 0.201209
9.9973E-05 9.9973E-05 0.418031 0.494856 9.9973E-05 0.0868132
0.0659433 9.9982E-05 0.337645 0.553017 9.9982E-05 0.0431945
0.0805853 9.9982E-05 0.325477 0.57645 9.9982E-05 0.0172879
0.0241988 0.0123995 0.0444807 0.836267 9.9991E-05 0.0825539
0.0102997 9.9991E-05 0.044314 0.850292 0.0282824 0.0667121
0.288372 9.9973E-05 0.040828 9.9973E-05 9.9973E-05 0.6705
0.12919 0.232934 9.99729E-05 9.99729E-05 9.99729E-05 0.637576
0.272541 0.231864 9.99729E-05 9.99729E-05 9.99729E-05 0.495295
0.340748 0.0364498 9.9982E-05 0.00566555 9.9982E-05 0.616937
0.397706 0.0623878 0.00106543 0.0356395 9.9991E-05 0.503101
0.218268 0.139632 9.9973E-05 9.9973E-05 9.9973E-05 0.6418
0.221897 0.0343734 0.00114608 0.00241639 0.00105967 0.739107
0.293322 0.187147 9.9973E-05 9.9973E-05 9.9973E-05 0.519231
0.0954172 0.456927 9.99729E-05 9.99729E-05 9.99729E-05 0.447356
0.337324 0.0999801 9.9973E-05 9.9973E-05 9.9973E-05 0.562396
0.343239 9.9964E-05 9.9964E-05 9.9964E-05 9.9964E-05 0.656361
0.348715 9.9973E-05 0.0217969 9.9973E-05 9.9973E-05 0.629188
0.0331688 0.0180235 0.0997217 0.783083 0.065903 9.9991E-05
9.9964E-05 9.9964E-05 9.9964E-05 0.706148 0.293452 9.9964E-05
0.0545934 0.0183028 0.0378543 0.869667 0.019482 9.9991E-05
0.0246982 9.99819E-05 9.99819E-05 0.23516 0.736323 0.00361843
0.00205638 0.02721 0.030812 0.839196 0.097002 0.00372322
0.0633992 9.9982E-05 9.9982E-05 0.605157 0.282402 0.0488422
9.9991E-05 0.0350491 0.100993 0.304979 0.508465 0.050414
9.9973E-05 9.9973E-05 0.12451 0.477967 0.397222 9.9973E-05
9.996E-05 9.996E-05 9.996E-05 9.996E-05 0.9995 9.996E-05
9.9991E-05 0.0444423 0.0306696 0.402105 0.461764 0.0609186
9.9982E-05 0.00335941 9.9982E-05 0.860559 0.115556 0.0203258
9.9973E-05 9.9973E-05 0.0721573 0.733553 0.19399 9.9973E-05
