0.205849 0.0607532 9.9982E-05 9.9982E-05 0.00558805 0.420692 0.306917
0.00783845 0.0191232 0.43858 9.9982E-05 9.9982E-05 0.429264 0.104995
9.9964E-05 0.0159155 0.881176 9.9964E-05 9.9964E-05 9.9964E-05 0.102509
0.137874 0.0294496 9.9982E-05 0.0899275 0.126924 0.615625 9.9982E-05
9.9982E-05 0.0587881 0.185666 9.9982E-05 0.0272692 0.533969 0.194108
9.9982E-05 0.00551279 0.0190009 9.9982E-05 0.0273249 0.835044 0.112918
0.0932846 0.0394548 9.9973E-05 9.9973E-05 9.9973E-05 0.770756 0.0962045
9.9991E-05 0.0471418 0.0334211 0.0179915 0.0124793 0.047648 0.841218
0.131196 0.018305 0.0121258 0.00837177 0.0223775 0.0594608 0.748163
9.9955E-05 0.257066 9.9955E-05 9.9955E-05 9.9955E-05 9.9955E-05 0.742434
0.0324356 0.064261 0.00647915 9.9982E-05 9.9982E-05 0.0181904 0.878434
0.00947326 0.130741 0.0298837 0.0047088 0.0350364 9.9991E-05 0.790057
0.0289306 0.0141052 9.9991E-05 0.0411396 0.00701734 0.0173067 0.891401
9.9955E-05 0.151052 9.9955E-05 9.9955E-05 9.9955E-05 9.9955E-05 0.848449
0.0286602 0.0842166 0.00870425 9.9982E-05 0.00918553 9.9982E-05 0.869033
0.0762835 0.0361263 0.00974707 0.00313108 0.0205359 0.0699465 0.78423
9.9964E-05 0.307161 0.00546394 9.9964E-05 9.9964E-05 9.9964E-05 0.686975
0.00945753 0.0947058 0.0213534 0.00865675 0.000400978 0.138336 0.72709
9.9964E-05 0.23482 9.9964E-05 0.0200236 9.9964E-05 9.9964E-05 0.744756
0.112425 0.0452178 0.111275 0.0528822 0.0178658 9.9991E-05 0.660234
0.0652133 0.138041 0.000284167 9.9982E-05 9.9982E-05 0.0327393 0.763523
0.00803034 0.10403 0.00475242 0.0229989 9.9991E-05 0.129368 0.73072
0.00612497 0.138749 9.9982E-05 0.0216572 9.9982E-05 0.0565725 0.776696
0.00711783 0.132519 9.9982E-05 0.00460653 9.9982E-05 0.160669 0.694888
9.9973E-05 0.146692 0.0247027 9.9973E-05 9.9973E-05 0.118406 0.709899
9.9973E-05 0.120738 9.9973E-05 0.0317102 9.9973E-05 0.087762 0.75949
0.0288491 0.110828 0.0225052 0.0285614 9.9991E-05 0.0329644 0.776192
9.99549E-05 0.275333 9.99549E-05 9.99549E-05 9.99549E-05 9.99549E-05 0.724167
0.0602937 0.0476251 0.0868138 0.0111334 0.0105759 0.116993 0.666565
0.172112 0.0126029 9.9973E-05 9.9973E-05 9.9973E-05 0.746967 0.0680181
0.273569 0.00272766 0.0574362 0.0577284 9.9991E-05 0.542684 0.0657542
9.9982E-05 0.0405957 0.00399349 0.0935792 9.9982E-05 0.749689 0.111943
0.163504 0.067536 0.0290724 9.9991E-05 0.0324791 0.146728 0.560581
0.00718629 0.0573236 0.0264774 0.0528003 0.00150992 0.716211 0.138492
9.9973E-05 0.259303 9.9973E-05 0.0223829 9.9973E-05 0.171653 0.546361
0.164377 0.0608169 0.00618621 0.0385975 9.9991E-05 0.0766255 0.653297
9.9955E-05 0.404088 9.9955E-05 9.9955E-05 0.595413 9.9955E-05 9.9955E-05
0.0101152 0.0659455 0.0846193 0.00299575 0.0335881 0.0236002 0.779136
0.0179794 0.0707128 9.9991E-05 0.0126305 0.0235868 0.142568 0.732422
0.0872311 0.0431998 0.0418431 0.0220198 0.0125426 0.168444 0.62472
0.130553 0.0629506 9.9991E-05 0.0427274 0.0388653 0.172921 0.551883
0.140796 0.0034604 0.116634 0.0157378 0.0276846 0.631564 0.0641234
0.0590506 0.0179742 9.9982E-05 0.101901 9.9982E-05 0.687177 0.133697
0.020404 9.9973E-05 9.9973E-05 0.0313647 0.0258127 9.9973E-05 0.922119
9.9964E-05 0.0106684 9.9964E-05 9.9964E-05 0.0241768 9.9964E-05 0.964755
9.9964E-05 0.11545 9.9964E-05 9.9964E-05 0.0299857 9.9964E-05 0.854165
9.9973E-05 0.0187603 0.0704246 9.9973E-05 0.0200344 9.9973E-05 0.890481
0.0618048 9.9973E-05 9.9973E-05 0.0528588 0.0160239 9.9973E-05 0.869013
9.9973E-05 0.0015317 0.0550024 9.9973E-05 0.0228785 9.9973E-05 0.920288
0.0286174 0.0597308 9.9973E-05 0.00989791 9.9973E-05 9.9973E-05 0.901454
9.99581E-05 0.0985568 9.99581E-05 9.99581E-05 9.99581E-05 9.99581E-05 0.900943
0.00963778 9.9982E-05 0.0382958 0.037714 0.0279769 9.9982E-05 0.886176
9.9964E-05 9.9964E-05 9.9964E-05 0.00957487 0.0261796 9.9964E-05 0.963846
9.9955E-05 0.0898484 9.9955E-05 9.9955E-05 9.9955E-05 9.9955E-05 0.909652
0.604936 9.9973E-05 0.0225159 9.9973E-05 0.294669 0.0775788 9.9973E-05
9.9982E-05 0.0008722 0.0224289 0.605883 0.366429 9.9982E-05 0.00418685
0.536398 9.9973E-05 0.00128002 9.9973E-05 0.294185 0.167837 9.9973E-05
0.0719889 9.9982E-05 0.246312 0.213724 0.112276 0.355499 9.9982E-05
0.131991 9.9982E-05 0.590054 0.126792 0.141994 0.00896957 9.9982E-05
0.267356 0.003077 0.0751418 9.9982E-05 0.600015 9.9982E-05 0.0542097
0.152598 9.9973E-05 9.9973E-05 0.0917902 0.172523 0.582789 9.9973E-05
0.0866742 9.9982E-05 0.208218 0.268528 0.0726723 0.363707 9.9982E-05
0.0245048 0.0424288 0.250453 0.148581 0.0348428 0.193687 0.305502
0.0395838 9.99639E-05 9.99639E-05 9.99639E-05 0.407764 0.552252 9.99639E-05
0.29804 9.9973E-05 0.158938 9.9973E-05 9.9973E-05 0.456417 0.086305
0.0134316 0.0165344 9.9982E-05 0.120775 0.0126215 0.836438 9.9982E-05
0.341515 0.0132012 0.167491 0.0925271 0.00591016 0.374862 0.00449418
0.13495 0.0106007 9.9982E-05 0.268627 0.0308458 0.554777 9.9982E-05
0.0950565 9.9991E-05 0.153609 0.229055 0.000300931 0.508377 0.0135017
0.935149 9.9955E-05 9.9955E-05 9.9955E-05 0.0643517 9.9955E-05 9.9955E-05
0.520135 9.9973E-05 9.9973E-05 0.351299 9.9973E-05 0.0829179 0.0453487
0.830526 9.9955E-05 9.9955E-05 9.9955E-05 0.168974 9.9955E-05 9.9955E-05
0.782004 9.99549E-05 9.99549E-05 9.99549E-05 0.217497 9.99549E-05 9.99549E-05
0.173819 0.0141413 9.9982E-05 0.0501043 0.0941648 0.66757 9.9982E-05
0.279532 9.9973E-05 9.9973E-05 0.22524 0.261192 0.233735 9.9973E-05
0.447346 9.9982E-05 0.0279177 0.111987 0.358814 0.0537347 9.9982E-05
0.0842099 0.00744523 0.0911595 0.0439659 9.9991E-05 0.657118 0.116002
0.0686077 9.9973E-05 0.209498 0.388619 9.9973E-05 0.332975 9.9973E-05
0.162998 9.9991E-05 0.0170422 0.45808 0.157991 0.200018 0.00377178
0.0502331 9.9973E-05 9.9973E-05 9.9973E-05 0.0873027 0.851064 0.0111
9.9964E-05 9.9964E-05 0.134116 0.436212 9.9964E-05 0.429272 9.9964E-05
0.0511866 0.0120243 9.9982E-05 0.189912 9.9982E-05 0.624023 0.122654
0.0504759 9.9973E-05 0.017456 9.9973E-05 0.139379 0.792389 9.9973E-05
9.9982E-05 0.00159456 0.0332942 0.390467 0.000539681 0.573905 9.9982E-05
0.368637 9.9982E-05 0.134581 0.0772255 9.9982E-05 0.383147 0.0362099
9.99549E-05 0.581309 9.99549E-05 9.99549E-05 9.99549E-05 9.99549E-05 0.418192
9.99549E-05 0.498807 9.99549E-05 9.99549E-05 9.99549E-05 9.99549E-05 0.500694
9.99549E-05 0.54898 9.99549E-05 9.99549E-05 9.99549E-05 9.99549E-05 0.45052
9.99549E-05 0.498598 9.99549E-05 9.99549E-05 9.99549E-05 9.99549E-05 0.500902
9.9955E-05 0.313614 9.9955E-05 9.9955E-05 9.9955E-05 9.9955E-05 0.685886
9.99549E-05 0.37655 9.99549E-05 9.99549E-05 9.99549E-05 9.99549E-05 0.62295
9.9955E-05 0.110019 9.9955E-05 9.9955E-05 9.9955E-05 9.9955E-05 0.889481
0.100342 9.9973E-05 9.9973E-05 0.425176 0.108461 0.365722 9.9973E-05
9.99549E-05 9.99549E-05 9.99549E-05 0.807028 0.192472 9.99549E-05 9.99549E-05
9.99639E-05 9.99639E-05 9.99639E-05 0.984407 9.99639E-05 0.0129097 0.00228371
0.334204 9.9973E-05 9.9973E-05 0.115802 0.0603409 0.489353 9.9973E-05
0.430825 9.9973E-05 9.9973E-05 0.324054 0.0344613 0.210361 9.9973E-05
0.366478 0.00540972 9.9982E-05 0.0309899 9.9982E-05 0.534108 0.0628147
0.480505 9.9973E-05 9.9973E-05 0.440527 0.00865576 0.0700125 9.9973E-05
0.06776 9.9982E-05 0.0554396 0.322797 9.9982E-05 0.468926 0.0848773
9.995E-05 9.995E-05 9.995E-05 0.9994 9.995E-05 9.995E-05 9.995E-05
0.748348 9.9973E-05 9.9973E-05 9.9973E-05 0.118274 0.128065 0.00501336
9.99549E-05 0.618819 9.99549E-05 9.99549E-05 9.99549E-05 9.99549E-05 0.380681
9.9973E-05 0.325235 0.000979798 9.9973E-05 9.9973E-05 0.04332 0.630165
0.009223 0.198194 9.9973E-05 9.9973E-05 9.9973E-05 0.00670913 0.785574
9.9973E-05 0.187219 0.0827746 0.0088778 9.9973E-05 9.9973E-05 0.720829
9.9982E-05 0.336941 0.0284993 0.0262452 9.9982E-05 0.049163 0.558951
9.9973E-05 0.318415 0.0509507 9.9973E-05 9.9973E-05 0.0100888 0.620245
0.00489716 0.969744 9.99639E-05 9.99639E-05 9.99639E-05 0.0249591 9.99639E-05
0.116847 0.0264068 9.9982E-05 0.233263 0.163244 0.460039 9.9982E-05
9.9964E-05 0.256779 9.9964E-05 9.9964E-05 9.9964E-05 0.111744 0.631076
9.9973E-05 0.191421 0.128737 9.9973E-05 0.0646561 9.9973E-05 0.614886
9.99639E-05 0.498146 0.0230643 9.99639E-05 9.99639E-05 9.99639E-05 0.47839
9.9964E-05 0.490237 9.9964E-05 9.9964E-05 9.9964E-05 0.0933336 0.41603
9.9973E-05 0.341588 0.0848163 9.9973E-05 9.9973E-05 0.0709797 0.502316
9.9964E-05 0.852558 0.0288178 9.9964E-05 9.9964E-05 9.9964E-05 0.118225
9.99639E-05 0.886344 0.0370275 9.99639E-05 9.99639E-05 9.99639E-05 0.0762285
0.0141771 0.278329 0.0445402 9.9982E-05 9.9982E-05 0.0313585 0.631395
0.0097091 0.483583 9.9982E-05 0.00242597 9.9982E-05 0.0199329 0.484149
9.99549E-05 0.829096 9.99549E-05 9.99549E-05 9.99549E-05 9.99549E-05 0.170404
9.99549E-05 0.375221 9.99549E-05 9.99549E-05 9.99549E-05 9.99549E-05 0.624279
9.99549E-05 0.922128 9.99549E-05 9.99549E-05 9.99549E-05 9.99549E-05 0.0773723
9.9955E-05 0.387988 9.9955E-05 9.9955E-05 9.9955E-05 9.9955E-05 0.611512
9.99549E-05 0.733176 9.99549E-05 9.99549E-05 9.99549E-05 9.99549E-05 0.266324
9.9973E-05 0.131916 9.9973E-05 0.0103649 9.9973E-05 0.00904034 0.848379
0.0344163 0.0654359 0.0181304 0.0379242 9.9991E-05 0.0545487 0.789445
9.9955E-05 0.666692 9.9955E-05 9.9955E-05 0.332808 9.9955E-05 9.9955E-05
9.9964E-05 0.773946 0.0149232 9.9964E-05 9.9964E-05 9.9964E-05 0.210731
9.9955E-05 0.8918 9.9955E-05 9.9955E-05 0.1077 9.9955E-05 9.9955E-05
9.9964E-05 0.0213071 0.977175 9.9964E-05 0.00111808 9.9964E-05 9.9964E-05
0.0487169 0.933061 9.9973E-05 0.000533785 9.9973E-05 0.0173888 9.9973E-05
9.9964E-05 0.136986 0.582849 9.9964E-05 9.9964E-05 9.9964E-05 0.279765
9.9982E-05 0.128603 0.346235 0.00123579 0.0274611 9.9982E-05 0.496265
0.00396851 0.102521 0.0385768 9.9973E-05 9.9973E-05 9.9973E-05 0.854633
0.0233508 0.427454 0.0022121 9.9982E-05 9.9982E-05 0.158197 0.388586
0.0405385 0.108309 0.0376168 0.00713752 0.00191211 0.0481107 0.756376
9.99639E-05 0.429606 9.99639E-05 9.99639E-05 9.99639E-05 0.0477649 0.522229
9.9982E-05 0.471344 0.215697 0.16628 0.0314784 9.9982E-05 0.115
0.194452 9.9982E-05 0.075153 0.0395591 0.0766476 0.613989 9.9982E-05
0.00784973 0.215226 0.0421907 0.032997 9.9991E-05 0.0765669 0.625069
9.9982E-05 0.320384 0.0654867 9.9982E-05 0.000949544 0.040601 0.572379
0.799323 9.9982E-05 0.0299581 0.10601 0.0402245 0.0242838 9.9982E-05
0.905938 9.9964E-05 9.9964E-05 0.0495847 0.0440772 9.9964E-05 9.9964E-05
0.329551 9.99882E-05 0.0838994 0.0991871 0.015691 0.471472 9.99882E-05
0.13367 9.9982E-05 0.0741565 0.184275 9.9982E-05 0.531822 0.0758767
0.803642 9.9964E-05 9.9964E-05 0.0574441 0.138514 9.9964E-05 9.9964E-05
0.339756 9.9973E-05 0.205008 9.9973E-05 9.9973E-05 0.346645 0.108292
0.568325 9.9973E-05 0.164706 9.9973E-05 9.9973E-05 0.227768 0.0389007
0.996946 9.9955E-05 9.9955E-05 9.9955E-05 0.00255469 9.9955E-05 9.9955E-05
0.543626 9.99738E-05 9.99738E-05 0.273456 9.99738E-05 0.170555 0.0120634
0.528265 9.9982E-05 0.0949264 0.110255 9.9982E-05 0.159016 0.107338
0.0157024 9.9982E-05 0.364439 0.183472 9.9982E-05 0.422452 0.0137352
0.244947 9.9982E-05 0.00292434 0.127182 9.9982E-05 0.560309 0.0644372
0.899937 9.9973E-05 0.0100919 9.9973E-05 9.9973E-05 0.0387674 0.050904
0.461936 9.9973E-05 9.9973E-05 0.0639552 9.9973E-05 0.401761 0.0720481
0.0660652 0.0268738 9.9973E-05 9.9973E-05 9.9973E-05 0.797884 0.108877
9.99549E-05 9.99549E-05 9.99549E-05 0.371009 0.628491 9.99549E-05 9.99549E-05
0.101425 9.9982E-05 0.0928404 0.298332 0.45514 0.0520616 9.9982E-05
0.432748 9.99549E-05 9.99549E-05 9.99549E-05 0.566752 9.99549E-05 9.99549E-05
9.99549E-05 9.99549E-05 9.99549E-05 0.965445 9.99549E-05 9.99549E-05 0.0340556
0.799367 9.9964E-05 9.9964E-05 0.00328283 0.19695 9.9964E-05 9.9964E-05
0.432279 9.9982E-05 0.00600184 0.0288997 0.358097 0.174523 9.9982E-05
9.995E-05 9.995E-05 9.995E-05 0.9994 9.995E-05 9.995E-05 9.995E-05
0.389471 0.0135106 0.0037212 0.114377 9.9991E-05 0.448027 0.0307926
9.995E-05 9.995E-05 0.9994 9.995E-05 9.995E-05 9.995E-05 9.995E-05
0.120938 0.0593879 0.0134308 0.0923584 9.9991E-05 0.484377 0.229408
0.307793 0.0412584 0.0243474 0.0196121 9.9991E-05 0.421911 0.184978
0.326475 9.99639E-05 9.99639E-05 0.036349 0.636776 9.99639E-05 9.99639E-05
9.99549E-05 9.99549E-05 0.991891 9.99549E-05 9.99549E-05 9.99549E-05 0.00760883
0.130304 0.0173251 9.9982E-05 0.203248 9.9982E-05 0.089346 0.559576
9.9964E-05 0.130782 0.28808 9.9964E-05 9.9964E-05 9.9964E-05 0.580738
0.0149829 0.0607649 9.9982E-05 0.0399413 9.9982E-05 0.20119 0.682921
0.223193 0.0224912 0.151015 0.0565404 9.9991E-05 0.286313 0.260348
0.374653 0.0160601 9.9973E-05 9.9973E-05 9.9973E-05 0.544723 0.0642635
0.0585952 9.9982E-05 0.148585 0.0403384 9.9982E-05 0.691975 0.0603064
0.0569785 9.9982E-05 0.194669 0.130957 9.9982E-05 0.547257 0.0699384
0.167237 9.9973E-05 9.9973E-05 0.0893327 9.9973E-05 0.645662 0.0974684
0.0378247 9.9982E-05 0.272281 0.0887848 9.9982E-05 0.600339 0.000570883
0.0362507 0.0669677 0.0675301 0.00822516 9.9991E-05 0.0107998 0.810127
9.9973E-05 0.35568 0.00479411 9.9973E-05 9.9973E-05 0.0159616 0.623264
9.9955E-05 0.331125 9.9955E-05 9.9955E-05 9.9955E-05 9.9955E-05 0.668375
9.9964E-05 0.137369 9.9964E-05 9.9964E-05 9.9964E-05 0.0755228 0.786709
9.9982E-05 0.121952 0.05035 0.0316522 9.9982E-05 0.00656532 0.789281
9.9964E-05 0.237322 9.9964E-05 9.9964E-05 9.9964E-05 0.0535079 0.708771
9.9982E-05 0.129524 0.0711155 0.00239717 9.9982E-05 0.0376305 0.759133
9.9973E-05 0.281222 0.0396926 9.9973E-05 9.9973E-05 0.00240226 0.676383
9.9955E-05 0.55651 9.9955E-05 9.9955E-05 9.9955E-05 9.9955E-05 0.44299
9.9982E-05 0.189134 0.00828526 0.0237643 9.9982E-05 0.00259797 0.776018
9.9982E-05 0.0888186 0.0185646 9.9982E-05 0.00260679 0.0348234 0.854987
0.0493905 0.0897163 9.9973E-05 9.9973E-05 9.9973E-05 0.0382361 0.822357
9.9991E-05 0.00893303 0.0335451 0.0711604 0.0420091 0.841318 0.00293466
9.9964E-05 9.9964E-05 9.9964E-05 0.301619 0.178023 0.519958 9.9964E-05
0.236067 0.00204626 0.00849385 0.0950868 9.9991E-05 0.593581 0.064625
9.99548E-05 9.99548E-05 9.99548E-05 9.99548E-05 0.705039 0.294462 9.99548E-05
9.9973E-05 9.9973E-05 0.060197 0.268385 0.0299112 0.641207 9.9973E-05
9.99639E-05 9.99639E-05 9.99639E-05 9.99639E-05 0.286552 0.639182 0.0738661
9.99549E-05 9.99549E-05 0.542394 9.99549E-05 0.457106 9.99549E-05 9.99549E-05
0.183136 9.9982E-05 0.0746154 0.287119 0.258154 0.196776 9.9982E-05
9.995E-05 9.995E-05 9.995E-05 9.995E-05 0.9994 9.995E-05 9.995E-05
9.9982E-05 0.0320655 0.237563 0.0800434 0.373041 0.277087 9.9982E-05
9.9973E-05 9.9973E-05 0.00287669 0.257654 0.0362202 0.702949 9.9973E-05
9.9964E-05 9.9964E-05 9.9964E-05 0.0128621 0.208505 0.778233 9.9964E-05
