0.0333195 0.479714 0.486967
9.999E-05 0.3814 0.6185
0.0220867 0.418099 0.559814
0.0398917 0.152881 0.807227
0.0302581 0.4391 0.530642
9.999E-05 0.337524 0.662376
9.9991E-05 0.345543 0.654357
0.104256 0.858865 0.0368793
0.0700058 0.772895 0.157099
0.28405 0.71585 9.9991E-05
0.116867 0.883033 9.9991E-05
0.178717 0.794301 0.0269821
0.0834177 0.882224 0.0343587
0.200519 0.799381 9.9991E-05
0.148851 0.851049 9.9991E-05
0.0938785 0.81255 0.0935716
0.288506 0.711394 9.9991E-05
0.128913 0.781369 0.0897181
0.229814 0.770086 9.9991E-05
0.082992 0.727087 0.189921
0.160437 0.810813 0.0287503
0.119549 0.800991 0.07946
0.175484 0.817534 0.006982
0.141727 0.774128 0.0841446
0.157981 0.781825 0.060194
0.134824 0.827676 0.0375003
0.148314 0.808791 0.042895
0.269398 0.730502 9.9991E-05
0.0866849 0.731497 0.181818
9.9991E-05 0.296048 0.703852
9.9991E-05 0.265918 0.733982
9.9991E-05 0.3538 0.6461
0.0897899 0.642471 0.267739
9.9991E-05 0.39975 0.60015
0.22539 0.679739 0.0948711
0.0790854 0.715449 0.205466
0.626315 9.9991E-05 0.373585
0.133876 0.803627 0.0624972
0.109236 0.780084 0.11068
0.0684345 0.715183 0.216383
0.074069 0.631606 0.294325
9.9991E-05 0.287606 0.712294
9.9991E-05 0.351493 0.648407
0.0422805 0.935901 0.0218187
0.111301 0.888599 9.9991E-05
0.186206 0.813694 9.9991E-05
0.0985906 0.899612 0.00179762
0.0754243 0.8581 0.066476
0.0999008 0.899999 9.9991E-05
0.11832 0.88158 9.9991E-05
0.161499 0.838401 9.9991E-05
0.0756353 0.884422 0.0399422
0.0396325 0.960268 9.9991E-05
0.154734 0.845166 9.9991E-05
0.0687364 9.9991E-05 0.931164
0.106856 9.9991E-05 0.893044
0.0881494 0.00116536 0.910685
9.9991E-05 0.160948 0.838952
0.0283403 0.150547 0.821112
0.149106 9.9991E-05 0.850794
0.00210651 0.131586 0.866308
0.0349031 0.149012 0.816085
0.0689612 0.445727 0.485311
0.0775686 9.9991E-05 0.922331
9.9991E-05 0.302015 0.697885
9.9991E-05 0.227455 0.772445
9.9991E-05 0.215351 0.784549
9.9991E-05 0.190157 0.809743
9.9991E-05 0.22557 0.77433
0.0136598 0.0966609 0.889679
9.9991E-05 0.168144 0.831756
0.0121934 0.064347 0.92346
0.0610415 9.9991E-05 0.938859
9.9991E-05 0.198981 0.800919
0.0709099 0.00736267 0.921727
0.058035 9.9991E-05 0.941865
9.9991E-05 0.332398 0.667502
9.9991E-05 0.182718 0.817182
0.0518193 0.0563498 0.891831
9.9991E-05 0.224054 0.775846
9.9991E-05 0.182312 0.817588
9.9991E-05 0.318954 0.680946
9.9991E-05 0.16996 0.82994
9.9991E-05 0.185287 0.814613
9.9991E-05 0.232147 0.767753
0.525488 0.474412 9.9991E-05
0.463373 0.536527 9.9991E-05
0.483697 0.516203 9.9991E-05
0.456453 0.543447 9.9991E-05
0.301441 0.698459 9.9991E-05
0.365069 0.634831 9.9991E-05
0.177723 0.822177 9.9991E-05
0.0137 0.109285 0.877014
0.0597287 9.9991E-05 0.940171
0.0191228 0.0940421 0.886835
9.9991E-05 0.145674 0.854226
9.9991E-05 0.119755 0.880145
9.9991E-05 0.251462 0.748438
0.00247584 0.11433 0.883195
9.9991E-05 0.266594 0.733306
0.0750107 0.0140505 0.910939
9.9991E-05 0.122446 0.877454
0.519325 0.480575 9.9991E-05
0.30511 0.69479 9.9991E-05
0.212575 0.787325 9.9991E-05
0.207438 0.785679 0.00688276
0.301402 0.682369 0.0162288
0.282984 0.716916 9.9991E-05
0.779251 0.220649 9.9991E-05
0.0636829 0.102837 0.83348
0.235593 0.729092 0.035315
0.243625 0.652606 0.103769
0.434278 0.565622 9.9991E-05
0.409794 0.590106 9.9991E-05
0.297143 0.650434 0.0524226
0.687387 0.312513 9.9991E-05
0.715509 0.284391 9.9991E-05
0.277362 0.708202 0.0144361
0.419274 0.580626 9.9991E-05
0.677812 0.322088 9.9991E-05
0.350254 0.649646 9.9991E-05
0.748074 0.251826 9.9991E-05
0.37256 0.62734 9.9991E-05
0.629651 0.370249 9.9991E-05
0.174163 0.825737 9.9991E-05
0.113889 0.81962 0.0664903
0.783367 9.9991E-05 0.216533
0.644739 0.355161 9.9991E-05
0.820352 0.114309 0.0653391
0.0941093 0.254901 0.650989
0.768777 0.231123 9.9991E-05
0.152805 0.507295 0.339899
0.163377 0.61859 0.218033
0.14566 0.85424 9.9991E-05
0.355893 0.556314 0.0877922
0.131932 0.811954 0.0561143
0.366884 0.633016 9.9991E-05
0.412524 0.310094 0.277382
9.9991E-05 0.18615 0.81375
0.218837 0.706919 0.0742441
0.299343 0.681478 0.0191792
9.9991E-05 0.116093 0.883807
0.0264196 0.0710491 0.902531
9.9991E-05 0.196396 0.803504
9.9991E-05 0.272036 0.727864
0.0397422 0.0523167 0.907941
9.9991E-05 0.309772 0.690128
9.9991E-05 0.222515 0.777385
9.9991E-05 0.132192 0.867708
9.9991E-05 0.151982 0.847918
9.9991E-05 0.269027 0.730873
9.9991E-05 0.260808 0.739092
9.9991E-05 0.246765 0.753135
9.9991E-05 0.187261 0.812639
9.9991E-05 0.252525 0.747375
9.9991E-05 0.352457 0.647443
0.0728333 9.9991E-05 0.927067
0.100839 9.9991E-05 0.899061
0.0449272 9.9991E-05 0.954973
0.00113206 0.147596 0.851272
0.0773431 9.9991E-05 0.922557
0.0852025 9.9991E-05 0.914698
0.0820077 0.00771521 0.910277
9.9991E-05 0.222086 0.777814
9.9991E-05 0.33592 0.66398
0.0310316 0.428314 0.540654
9.9991E-05 0.406269 0.593631
0.0672032 9.9991E-05 0.932697
9.9991E-05 0.367732 0.632168
0.0576238 0.621068 0.321308
0.149572 0.711199 0.139229
0.0863336 0.757103 0.156564
0.00532279 0.441838 0.552839
9.9991E-05 0.265582 0.734318
9.9991E-05 0.308745 0.691155
9.9991E-05 0.29366 0.70624
9.9991E-05 0.301295 0.698605
9.9991E-05 0.252228 0.747672
0.11283 0.851864 0.0353059
0.316417 0.683483 9.9991E-05
0.312215 0.687685 9.9991E-05
0.15062 0.84928 9.9991E-05
0.165471 0.820852 0.0136767
0.231285 0.768615 9.9991E-05
0.144087 0.831147 0.0247654
0.275183 0.724717 9.9991E-05
0.473566 0.526334 9.9991E-05
0.203998 0.795902 9.9991E-05
0.128838 0.871062 9.9991E-05
0.133777 0.850443 0.0157799
9.9991E-05 0.22905 0.77085
0.0329317 0.0830138 0.884054
9.9991E-05 0.266206 0.733694
0.0492406 9.9991E-05 0.950659
9.9991E-05 0.200999 0.798901
9.9991E-05 0.231198 0.768702
0.148695 9.9991E-05 0.851205
0.0709849 9.9991E-05 0.928915
0.0501343 9.9991E-05 0.949766
0.16674 9.9991E-05 0.83316
9.9991E-05 0.187837 0.812063
9.9991E-05 0.154559 0.845341
