0.0131443 0.498244 0.0773045 0.0413798 0.00829309 0.27393 0.0109012 0.0325684 0.0154052 0.0288298
0.0428585 0.666293 0.0950069 9.9982E-05 9.9982E-05 0.0253917 0.00747925 0.116435 0.00702228 0.0393139
9.99278E-05 9.99278E-05 0.00246289 9.99278E-05 9.99278E-05 9.99278E-05 9.99278E-05 0.996738 9.99278E-05 9.99278E-05
9.9973E-05 0.648633 0.014083 0.217273 0.0373349 9.9973E-05 0.0422067 9.9973E-05 0.021581 0.0185884
0.0136324 0.412829 0.079406 9.9982E-05 0.0145794 0.128728 0.0142158 0.329258 0.00715161 9.9982E-05
0.0780089 0.71045 0.00254609 9.9973E-05 0.0116481 0.149706 0.0144917 0.03285 9.9973E-05 9.9973E-05
0.0621764 0.742475 9.9973E-05 9.9973E-05 0.00700449 0.138085 0.0152034 0.0181752 9.9973E-05 0.0165802
9.9982E-05 0.0811326 0.608007 9.9982E-05 0.00598062 0.284278 0.00190001 0.00997462 0.00473844 0.00378855
0.00351539 0.166097 0.443107 0.0372967 9.9964E-05 0.3368 0.0127833 9.9964E-05 9.9964E-05 9.9964E-05
9.9946E-05 9.9946E-05 0.683732 9.9946E-05 0.0112658 0.0833495 9.9946E-05 9.9946E-05 9.9946E-05 0.221053
9.9964E-05 0.047161 0.617838 9.9964E-05 9.9964E-05 0.298551 9.9964E-05 0.0139644 0.000515263 0.0215708
0.00693776 0.0478392 0.640734 0.00897028 0.0176866 0.187292 0.00248743 0.00925639 9.9991E-05 0.0786963
0.0182113 0.085758 0.610302 9.9946E-05 9.9946E-05 0.285129 9.9946E-05 9.9946E-05 9.9946E-05 9.9946E-05
9.99369E-05 9.99369E-05 0.670142 9.99369E-05 9.99369E-05 0.20879 9.99369E-05 9.99369E-05 9.99369E-05 0.120368
9.9955E-05 9.9955E-05 0.427016 0.00986219 0.0011918 0.537856 9.9955E-05 9.9955E-05 9.9955E-05 0.0235734
9.9955E-05 0.0939692 0.303141 0.0317873 9.9955E-05 0.569644 0.000958494 9.9955E-05 9.9955E-05 9.9955E-05
9.993E-05 9.993E-05 0.31652 9.993E-05 9.993E-05 0.412453 9.993E-05 9.993E-05 9.993E-05 0.270328
9.9964E-05 0.154066 0.407305 9.9964E-05 9.9964E-05 0.360541 0.00521254 9.9964E-05 0.000202581 0.0722736
9.9955E-05 9.9955E-05 0.401395 9.9955E-05 9.9955E-05 0.428239 9.9955E-05 0.0055066 0.00688755 0.157472
9.9973E-05 0.161414 0.22282 0.0531243 9.9973E-05 0.510985 0.00296872 0.0430335 0.00535399 9.9973E-05
9.9964E-05 0.0326911 0.229223 9.9964E-05 0.0064877 0.675829 9.9964E-05 9.9964E-05 0.00998732 0.0453819
9.9982E-05 0.0494099 0.271351 0.0132266 0.00456498 0.615593 0.0110823 0.0264459 0.00812639 9.9982E-05
0.0103082 0.0195427 0.327872 9.9964E-05 9.9964E-05 0.549176 9.9964E-05 0.0197437 9.9964E-05 0.0729572
0.0158147 0.0551469 0.0481117 9.9973E-05 0.00305848 0.840365 0.00655348 9.9973E-05 9.9973E-05 0.0306494
9.9955E-05 9.9955E-05 0.0204465 0.0116037 0.0289987 0.93637 9.9955E-05 0.00208098 9.9955E-05 9.9955E-05
0.005041 9.9964E-05 0.104788 0.0146128 9.9964E-05 0.856886 9.9964E-05 9.9964E-05 0.0147819 0.00349084
9.9982E-05 0.0518246 0.315362 0.00445923 9.9982E-05 0.563324 0.00642796 0.00237422 0.0101234 0.0459047
9.99369E-05 9.99369E-05 0.187633 9.99369E-05 9.99369E-05 0.585161 9.99369E-05 9.99369E-05 9.99369E-05 0.226507
0.0266027 0.135487 0.273053 0.0251106 9.9973E-05 0.487321 0.00961274 0.0425133 9.9973E-05 9.9973E-05
0.0210222 0.829722 0.00610377 9.9982E-05 0.0126596 0.0800708 0.0219541 9.9982E-05 0.0110606 0.0172069
0.0582779 0.772448 0.0554223 0.0380468 9.9982E-05 9.9982E-05 0.0183148 0.0265081 0.0148276 0.0159543
0.097784 0.696127 0.0761684 9.9973E-05 9.9973E-05 0.0606955 0.0204855 0.00995382 9.9973E-05 0.0384861
0.0195027 0.205922 0.0688244 0.0110384 0.0185015 0.609058 0.0363332 0.0162626 0.014457 9.9991E-05
0.018233 0.685252 0.089435 9.9982E-05 9.9982E-05 0.0917678 0.0241144 0.0320832 0.0165683 0.0423464
0.00453743 0.0803526 9.9964E-05 0.0129318 9.9964E-05 0.760312 0.00153578 9.9964E-05 9.9964E-05 0.139931
0.00607672 0.155729 0.180814 0.06453 9.9973E-05 0.565934 0.00621826 0.0203977 9.9973E-05 9.9973E-05
9.99201E-05 9.99201E-05 9.99201E-05 9.99201E-05 0.999101 9.99201E-05 9.99201E-05 9.99201E-05 9.99201E-05 9.99201E-05
9.9973E-05 0.0358495 0.282691 0.0098233 0.0215292 0.613552 0.00142833 0.0348274 9.9973E-05 9.9973E-05
9.9946E-05 0.0964599 0.372316 0.0619109 9.9946E-05 0.468713 9.9946E-05 9.9946E-05 9.9946E-05 9.9946E-05
0.0357658 0.148268 0.0176204 0.0280854 9.9973E-05 0.732869 0.00571251 0.0313786 9.9973E-05 9.9973E-05
0.047239 0.174574 0.0845453 0.0780245 9.9973E-05 0.585801 0.00606726 9.9973E-05 0.0234483 9.9973E-05
0.00205944 0.708213 0.0671918 0.0864453 0.00534669 0.0105244 0.0398705 0.0756671 9.9991E-05 0.00458148
0.0950869 0.679066 0.0366865 9.9991E-05 0.00254325 0.132063 0.00926878 0.0242259 0.0186036 0.00235567
0.001027 0.11572 0.862296 9.9964E-05 9.9964E-05 0.019404 0.000764346 9.9964E-05 0.00038936 9.9964E-05
9.9955E-05 0.0247961 0.94428 9.9955E-05 0.00399518 9.9955E-05 0.00966082 0.0167682 9.9955E-05 9.9955E-05
0.00328145 0.0108798 0.895644 9.9973E-05 0.0209686 9.9973E-05 0.0130295 0.00278895 9.9973E-05 0.0531081
0.00623234 9.9955E-05 0.56355 9.9955E-05 9.9955E-05 0.359313 0.0109539 0.0594512 9.9955E-05 9.9955E-05
0.0224496 0.0996776 0.746659 9.9973E-05 9.9973E-05 0.0853147 0.00462162 0.0235835 0.0173944 9.9973E-05
0.0164272 0.00152447 0.590846 9.9973E-05 9.9973E-05 0.347067 0.00953233 0.0315031 0.00280044 9.9973E-05
0.0021043 0.0341846 0.806003 9.9982E-05 9.9982E-05 0.132922 0.00651531 0.000907765 0.00685857 0.0103052
9.9937E-05 9.9937E-05 0.960129 9.9937E-05 0.0125796 9.9937E-05 9.9937E-05 9.9937E-05 9.9937E-05 0.0265917
0.0203999 0.0838792 0.722841 9.9964E-05 9.9964E-05 0.141069 9.9964E-05 0.0245158 0.00689539 9.9964E-05
9.9946E-05 0.0692664 0.925333 9.9946E-05 9.9946E-05 9.9946E-05 0.00205488 9.9946E-05 0.00274585 9.9946E-05
0.0154793 9.9937E-05 0.936156 9.9937E-05 9.9937E-05 9.9937E-05 9.9937E-05 9.9937E-05 9.9937E-05 0.0476647
9.9937E-05 0.311086 9.9937E-05 0.673506 9.9937E-05 9.9937E-05 0.0147089 9.9937E-05 9.9937E-05 9.9937E-05
0.999101 9.99201E-05 9.99201E-05 9.99201E-05 9.99201E-05 9.99201E-05 9.99201E-05 9.99201E-05 9.99201E-05 9.99201E-05
0.135031 0.259167 9.99549E-05 0.52395 9.99549E-05 9.99549E-05 0.00793607 0.0734161 9.99549E-05 9.99549E-05
0.0780164 0.588749 9.9955E-05 0.215551 9.9955E-05 9.9955E-05 0.0349879 0.0821958 9.9955E-05 9.9955E-05
0.213866 0.393474 9.9964E-05 0.154849 9.9964E-05 9.9964E-05 0.0289529 0.197996 0.0104629 9.9964E-05
9.99459E-05 9.99459E-05 9.99459E-05 0.911056 9.99459E-05 0.00430688 0.002739 9.99459E-05 9.99459E-05 0.0812989
0.0353671 0.597161 9.9973E-05 0.285224 0.00486137 9.9973E-05 0.0462809 0.0273881 0.00341708 9.9973E-05
0.142967 0.558606 9.9964E-05 0.169936 0.0162879 9.9964E-05 9.9964E-05 0.0984037 0.0133992 9.9964E-05
0.0161153 0.419207 0.110742 0.0849765 9.9991E-05 0.203162 0.0211581 0.062015 0.0150384 0.0674865
0.417774 0.234534 9.9964E-05 0.305181 9.9964E-05 9.9964E-05 0.020111 0.000763933 0.021236 9.9964E-05
0.0638438 0.730617 0.0169609 0.000412948 9.9982E-05 0.0714118 0.0140329 0.0859033 0.0166171 9.9982E-05
0.053784 0.790154 0.0226093 0.0533902 0.0134138 0.0109404 0.0300814 0.00435506 0.0210955 0.000176139
0.125935 0.677086 9.9973E-05 0.0864774 9.9973E-05 0.00551712 9.9973E-05 0.0604927 0.0238782 0.0203136
0.105321 0.693504 9.9973E-05 0.10226 9.9973E-05 0.00681906 0.0441676 9.9973E-05 0.0300534 0.017575
0.122995 0.750646 9.9964E-05 0.0631776 0.00846066 0.0435648 0.0107559 9.9964E-05 9.9964E-05 9.9964E-05
0.0818794 0.543243 9.9955E-05 0.338278 9.9955E-05 9.9955E-05 0.0210844 9.9955E-05 0.0150151 9.9955E-05
0.086502 0.63046 9.9973E-05 0.187557 9.9973E-05 9.9973E-05 0.0184839 0.0227015 0.0464204 0.00757512
0.0772093 0.41223 9.9955E-05 0.378407 9.9955E-05 9.9955E-05 0.0372264 9.9955E-05 0.0944276 9.9955E-05
0.13024 0.332913 9.99549E-05 0.436767 9.99549E-05 9.99549E-05 0.0355926 9.99549E-05 0.063987 9.99549E-05
0.246611 0.60492 0.03043 0.101347 0.00631639 9.9973E-05 0.00308176 9.9973E-05 0.00699399 9.9973E-05
0.0390706 0.392659 9.9955E-05 0.538432 9.9955E-05 9.9955E-05 0.015936 9.9955E-05 0.0134025 9.9955E-05
0.0363035 0.263852 9.99639E-05 0.652955 9.99639E-05 9.99639E-05 0.0395928 0.00307526 0.00382148 9.99639E-05
9.9982E-05 0.686067 0.0284566 0.029997 9.9982E-05 0.0911184 0.0234432 0.0989615 0.0303486 0.0114075
0.193793 0.658348 9.9955E-05 0.0588132 9.9955E-05 9.9955E-05 9.9955E-05 0.0821179 0.00642849 9.9955E-05
9.9964E-05 0.459175 9.9964E-05 0.425204 0.0165631 9.9964E-05 0.0268345 0.0532245 0.0185992 9.9964E-05
9.99604E-05 0.733845 0.0487056 0.180243 0.0246032 9.99604E-05 0.0121028 9.99604E-05 9.99604E-05 9.99604E-05
0.164022 0.643344 9.9973E-05 0.0725369 0.0114524 9.9973E-05 0.00847322 0.0749357 0.0249365 9.9973E-05
0.0350341 0.723474 0.0935744 0.0574679 0.00317053 0.033353 0.0134568 0.0284667 0.00804136 0.00396099
0.09614 0.671533 9.9964E-05 0.142162 0.0105114 9.9964E-05 0.0209843 0.0582695 9.9964E-05 9.9964E-05
0.210557 0.693196 9.9964E-05 0.0357289 0.0151383 9.9964E-05 0.0116956 0.033284 9.9964E-05 9.9964E-05
9.9973E-05 0.699846 0.0186423 0.153285 0.00383412 0.000220021 9.9973E-05 0.115784 0.00808816 9.9973E-05
9.99279E-05 9.99279E-05 0.426166 9.99279E-05 9.99279E-05 9.99279E-05 9.99279E-05 9.99279E-05 9.99279E-05 0.573035
9.99279E-05 9.99279E-05 0.538997 9.99279E-05 9.99279E-05 9.99279E-05 9.99279E-05 9.99279E-05 9.99279E-05 0.460203
9.99278E-05 9.99278E-05 0.465032 9.99278E-05 9.99278E-05 9.99278E-05 9.99278E-05 9.99278E-05 9.99278E-05 0.534169
9.99278E-05 9.99278E-05 0.51272 9.99278E-05 9.99278E-05 9.99278E-05 9.99278E-05 9.99278E-05 9.99278E-05 0.48648
9.99549E-05 0.0144308 0.539283 9.99549E-05 9.99549E-05 0.149155 9.99549E-05 9.99549E-05 0.00100886 0.295622
9.99279E-05 9.99279E-05 0.628525 9.99279E-05 9.99279E-05 9.99279E-05 9.99279E-05 9.99279E-05 9.99279E-05 0.370676
9.99279E-05 9.99279E-05 0.975149 9.99279E-05 9.99279E-05 9.99279E-05 9.99279E-05 9.99279E-05 9.99279E-05 0.0240519
0.171871 0.530331 9.9964E-05 0.258648 9.9964E-05 9.9964E-05 0.0249418 0.000216349 0.0135926 9.9964E-05
0.0662428 0.241242 9.9955E-05 0.651885 9.9955E-05 9.9955E-05 0.0140203 9.9955E-05 0.0261103 9.9955E-05
0.363963 0.42704 9.9955E-05 0.113167 9.9955E-05 9.9955E-05 0.0228605 9.9955E-05 0.0724693 9.9955E-05
9.9955E-05 0.719809 9.9955E-05 0.214385 0.00213841 9.9955E-05 0.0454352 9.9955E-05 0.0177331 9.9955E-05
0.0993264 0.623922 9.9955E-05 0.232873 9.9955E-05 9.9955E-05 0.0376696 9.9955E-05 0.0057088 9.9955E-05
0.0648135 0.785296 0.0510564 0.053542 9.9973E-05 9.9973E-05 0.0256364 9.9973E-05 0.00629404 0.0130615
0.05955 0.598094 9.9955E-05 0.255035 9.9955E-05 9.9955E-05 0.0470285 9.9955E-05 0.0397927 9.9955E-05
0.0792218 0.778215 0.0551268 0.028058 0.00203469 0.0171573 0.0122478 0.0111084 0.0137071 0.00312273
0.534234 0.261556 9.99459E-05 0.164323 9.99459E-05 9.99459E-05 9.99459E-05 9.99459E-05 0.0392878 9.99459E-05
0.0462619 0.560718 9.9955E-05 0.271682 9.9955E-05 9.9955E-05 0.0727669 9.9955E-05 0.0480706 9.9955E-05
9.99459E-05 0.0109465 0.241157 9.99459E-05 9.99459E-05 0.0745623 9.99459E-05 9.99459E-05 9.99459E-05 0.672734
9.99369E-05 9.99369E-05 0.0316829 9.99369E-05 9.99369E-05 0.699798 9.99369E-05 9.99369E-05 9.99369E-05 0.26782
9.9937E-05 9.9937E-05 0.389452 9.9937E-05 9.9937E-05 0.477694 9.9937E-05 9.9937E-05 9.9937E-05 0.132154
0.0106166 9.9964E-05 0.284598 9.9964E-05 0.00503518 0.548029 9.9964E-05 0.0309445 9.9964E-05 0.120376
0.0185992 9.9973E-05 0.024479 9.9973E-05 9.9973E-05 0.69172 0.00401288 0.0105205 0.00378846 0.24658
9.9928E-05 9.9928E-05 9.9928E-05 9.9928E-05 9.9928E-05 0.778555 9.9928E-05 9.9928E-05 9.9928E-05 0.220645
9.99459E-05 0.00996371 9.99459E-05 0.0147703 9.99459E-05 9.99459E-05 0.000887151 9.99459E-05 9.99459E-05 0.973779
0.101337 0.471827 9.9982E-05 0.286083 0.0225587 0.0507911 0.0369662 0.000770951 0.0294667 9.9982E-05
9.9964E-05 0.0318546 0.0843756 9.9964E-05 9.9964E-05 0.690904 0.0114322 9.9964E-05 0.00223877 0.178795
9.99549E-05 0.00270785 0.156815 9.99549E-05 0.19769 0.637141 9.99549E-05 0.00514688 9.99549E-05 9.99549E-05
9.99369E-05 9.99369E-05 0.0845403 9.99369E-05 9.99369E-05 0.439479 9.99369E-05 9.99369E-05 9.99369E-05 0.475281
9.9937E-05 9.9937E-05 9.9937E-05 0.00240742 9.9937E-05 0.632984 9.9937E-05 9.9937E-05 9.9937E-05 0.363909
9.9955E-05 0.0207664 9.9955E-05 9.9955E-05 0.0163015 0.681136 9.9955E-05 0.0517581 9.9955E-05 0.229538
0.0145968 9.9946E-05 9.9946E-05 9.9946E-05 9.9946E-05 0.0854131 9.9946E-05 0.0280535 9.9946E-05 0.871337
9.99459E-05 9.99459E-05 9.99459E-05 9.99459E-05 0.0114003 0.0774608 9.99459E-05 0.0397568 9.99459E-05 0.870782
9.9937E-05 9.9937E-05 9.9937E-05 9.9937E-05 0.00704893 0.809405 9.9937E-05 9.9937E-05 9.9937E-05 0.182846
9.9946E-05 9.9946E-05 0.11941 9.9946E-05 0.0123174 0.458135 9.9946E-05 9.9946E-05 9.9946E-05 0.409538
9.99369E-05 0.0126748 0.0798609 9.99369E-05 9.99369E-05 9.99369E-05 9.99369E-05 9.99369E-05 9.99369E-05 0.906765
9.99369E-05 9.99369E-05 0.409923 9.99369E-05 9.99369E-05 0.236875 9.99369E-05 9.99369E-05 9.99369E-05 0.352503
9.99369E-05 9.99369E-05 0.050547 9.99369E-05 0.00287737 9.99369E-05 9.99369E-05 9.99369E-05 9.99369E-05 0.945876
9.9937E-05 9.9937E-05 0.591485 9.9937E-05 9.9937E-05 0.031215 9.9937E-05 9.9937E-05 9.9937E-05 0.3766
9.99279E-05 9.99279E-05 0.262209 9.99279E-05 9.99279E-05 9.99279E-05 9.99279E-05 9.99279E-05 9.99279E-05 0.736992
9.9946E-05 9.9946E-05 0.504817 9.9946E-05 9.9946E-05 0.412157 9.9946E-05 9.9946E-05 0.00383758 0.0785887
0.0340226 0.0848257 0.536986 9.9982E-05 9.9982E-05 0.305318 0.00840794 0.00249343 0.00238667 0.0253602
9.99279E-05 9.99279E-05 9.99279E-05 9.99279E-05 0.712764 9.99279E-05 9.99279E-05 9.99279E-05 9.99279E-05 0.286437
9.9946E-05 9.9946E-05 9.9946E-05 9.9946E-05 0.0061239 0.211115 9.9946E-05 0.00891211 9.9946E-05 0.773249
0.012028 9.9955E-05 9.9955E-05 0.0578166 0.0730466 9.9955E-05 0.0105502 9.9955E-05 9.9955E-05 0.846059
9.99201E-05 9.99201E-05 9.99201E-05 9.99201E-05 9.99201E-05 9.99201E-05 9.99201E-05 0.999101 9.99201E-05 9.99201E-05
0.0320726 9.99481E-05 9.99481E-05 0.0410438 0.00563014 9.99481E-05 9.99481E-05 9.99481E-05 9.99481E-05 0.920654
9.99459E-05 9.99459E-05 0.0087442 9.99459E-05 9.99459E-05 0.267736 9.99459E-05 0.688759 9.99459E-05 0.0341617
0.144809 9.9973E-05 0.00863311 9.9973E-05 0.0193504 0.702443 9.9973E-05 0.0916499 0.0165664 0.0162476
0.0154127 9.99619E-05 0.473574 9.99619E-05 9.99619E-05 0.466838 9.99619E-05 0.00252484 9.99619E-05 0.0411509
9.9973E-05 0.083373 9.9973E-05 0.0257207 0.00414483 0.492289 0.0034308 0.0250716 9.9973E-05 0.365671
0.0213387 0.0317493 0.176545 0.002132 9.9973E-05 0.741407 9.9973E-05 9.9973E-05 0.014102 0.0124256
9.99459E-05 9.99459E-05 0.00692423 9.99459E-05 9.99459E-05 0.61334 9.99459E-05 9.99459E-05 0.000960678 0.378175
9.99459E-05 9.99459E-05 9.99459E-05 9.99459E-05 0.0593041 0.0579607 9.99459E-05 0.530246 9.99459E-05 0.35189
0.0732308 0.737435 0.0125318 0.109573 0.024103 9.9982E-05 0.0189369 0.005293 0.0186968 9.9982E-05
9.9973E-05 9.9973E-05 9.9973E-05 0.00114919 0.00858208 0.802081 0.0129607 0.0506583 0.0138093 0.11046
9.9955E-05 9.9955E-05 0.13882 9.9955E-05 0.0378578 0.589907 9.9955E-05 0.0325615 9.9955E-05 0.200354
0.0163197 0.607 9.9955E-05 0.300414 9.9955E-05 9.9955E-05 0.0348127 9.9955E-05 0.0409545 9.9955E-05
0.119237 0.418412 9.9946E-05 0.357728 9.9946E-05 9.9946E-05 9.9946E-05 9.9946E-05 0.104024 9.9946E-05
0.0376675 0.767553 9.9973E-05 0.138851 9.9973E-05 9.9973E-05 0.00643493 0.00698244 0.0237573 0.0184541
0.0319372 0.791981 0.000497727 0.0533877 0.000408151 0.0549696 0.0156303 0.0115566 0.0214953 0.0181365
9.9946E-05 0.460387 9.9946E-05 0.442283 9.9946E-05 9.9946E-05 0.031131 9.9946E-05 0.0655991 9.9946E-05
9.9973E-05 0.748116 0.056769 0.0617867 9.9973E-05 0.0452843 0.0137338 0.0569418 9.9973E-05 0.0170685
0.00235717 0.742481 0.0286775 0.144567 9.9982E-05 0.0123311 0.00470276 0.0394066 0.0252762 9.9982E-05
0.0425956 0.60892 9.9955E-05 0.276368 9.9955E-05 9.9955E-05 0.0209143 9.9955E-05 0.0507024 9.9955E-05
0.0183035 0.695644 9.9973E-05 0.209931 0.000128609 9.9973E-05 0.0344293 0.00812781 0.0331361 9.9973E-05
9.9973E-05 0.804824 0.0451676 0.0716973 0.00613141 9.9973E-05 0.0108273 9.9973E-05 0.0291359 0.0319165
0.0559207 0.708264 0.035511 0.0217165 9.9973E-05 9.9973E-05 0.0216546 0.153089 0.003544 9.9973E-05
9.9964E-05 0.733234 9.9964E-05 0.0939634 9.9964E-05 0.0694124 0.0391194 0.0353426 0.0285281 9.9964E-05
0.0705449 0.666641 0.0028577 0.192832 9.9964E-05 9.9964E-05 9.9964E-05 0.0494762 0.0172481 9.9964E-05
9.9973E-05 0.815061 0.0151471 0.0728329 9.9973E-05 0.0179353 0.0306555 9.9973E-05 0.0275192 0.020549
9.9991E-05 0.751852 0.0427287 0.0184037 0.0105169 0.114807 0.0238755 0.0188242 0.00716847 0.011723
9.99201E-05 9.99201E-05 9.99201E-05 0.999101 9.99201E-05 9.99201E-05 9.99201E-05 9.99201E-05 9.99201E-05 9.99201E-05
0.119816 0.0599426 9.99729E-05 0.760422 0.00233978 0.0334361 9.99729E-05 9.99729E-05 0.0175885 0.00615517
9.99201E-05 9.99201E-05 9.99201E-05 0.999101 9.99201E-05 9.99201E-05 9.99201E-05 9.99201E-05 9.99201E-05 9.99201E-05
9.99369E-05 9.99369E-05 0.0256004 9.99369E-05 9.99369E-05 0.000316503 9.99369E-05 9.99369E-05 0.973383 9.99369E-05
0.367617 0.265902 9.9946E-05 0.353852 9.9946E-05 9.9946E-05 9.9946E-05 9.9946E-05 0.0120283 9.9946E-05
9.9973E-05 0.21039 0.0142938 0.709607 0.00163429 9.9973E-05 0.0116427 0.0431657 0.00896615 9.9973E-05
9.99201E-05 9.99201E-05 9.99201E-05 9.99201E-05 9.99201E-05 9.99201E-05 9.99201E-05 9.99201E-05 0.999101 9.99201E-05
0.0029837 0.724254 9.9973E-05 0.153028 9.9973E-05 0.0347635 0.0135466 0.0656193 0.0055055 9.9973E-05
0.0106705 0.751221 0.0944414 0.00167072 9.9982E-05 9.9982E-05 0.0187715 0.100624 0.0151785 0.00722287
0.0225755 0.602597 0.121729 0.00575412 9.9991E-05 0.077108 0.0242102 0.0666453 0.00748761 0.0717937
9.9973E-05 0.690392 0.0511986 0.0453494 9.9973E-05 0.139835 0.0159867 9.9973E-05 0.00685201 0.050086
9.99201E-05 9.99201E-05 9.99201E-05 0.999101 9.99201E-05 9.99201E-05 9.99201E-05 9.99201E-05 9.99201E-05 9.99201E-05
9.9973E-05 0.770816 0.107867 9.9973E-05 0.0100101 0.0371925 0.0147784 0.0468844 9.9973E-05 0.0121524
0.0725461 0.2406 0.109606 0.0445536 9.9973E-05 0.482237 9.9973E-05 0.0263346 0.0238226 9.9973E-05
0.0278697 0.0381487 0.116335 9.9964E-05 9.9964E-05 0.604739 9.9964E-05 0.161587 9.9964E-05 0.0509213
0.00343779 0.14789 0.109486 0.0346513 9.9955E-05 0.704036 9.9955E-05 9.9955E-05 9.9955E-05 9.9955E-05
9.9982E-05 0.591517 0.0696539 0.0365014 9.9982E-05 0.213822 0.0202778 0.0270113 0.0148536 0.026163
9.9955E-05 0.862706 9.9955E-05 0.045469 9.9955E-05 0.0420168 0.0209001 9.9955E-05 9.9955E-05 0.0284087
0.0696276 0.783371 0.0660855 9.9964E-05 9.9964E-05 9.9964E-05 9.9964E-05 0.0480399 0.0113981 0.0210777
0.0456493 0.792253 0.0681902 0.000537752 0.000682559 9.9991E-05 0.0156107 0.0594433 0.0126298 0.004903
0.0141643 0.808933 0.0526815 9.9982E-05 9.9982E-05 0.018654 0.0272746 0.0281718 0.0318225 0.018098
0.0579739 0.743345 9.9973E-05 0.0368743 9.9973E-05 0.0357839 0.0123039 0.0962489 0.0171705 9.9973E-05
0.0105494 0.0143304 0.227819 9.9964E-05 9.9964E-05 0.720166 9.9964E-05 0.0159411 0.010794 9.9964E-05
9.99369E-05 9.99369E-05 0.0446808 9.99369E-05 9.99369E-05 0.662705 9.99369E-05 9.99369E-05 9.99369E-05 0.291915
9.99369E-05 9.99369E-05 0.170973 9.99369E-05 9.99369E-05 0.542487 9.99369E-05 9.99369E-05 9.99369E-05 0.28584
9.9946E-05 0.0206091 0.261416 9.9946E-05 9.9946E-05 0.666848 9.9946E-05 9.9946E-05 9.9946E-05 0.0505271
9.9964E-05 0.0273014 0.305007 9.9964E-05 9.9964E-05 0.59417 0.00442322 0.00545967 9.9964E-05 0.0632387
9.993E-05 9.993E-05 0.132468 9.993E-05 9.993E-05 0.69827 9.993E-05 9.993E-05 9.993E-05 0.168562
9.9955E-05 9.9955E-05 0.138403 9.9955E-05 9.9955E-05 0.798917 9.9955E-05 0.0302847 0.00237583 0.029519
9.9937E-05 9.9937E-05 0.234533 9.9937E-05 9.9937E-05 0.535054 9.9937E-05 9.9937E-05 9.9937E-05 0.229714
9.99279E-05 9.99279E-05 9.99279E-05 9.99279E-05 9.99279E-05 0.447837 9.99279E-05 9.99279E-05 9.99279E-05 0.551363
9.9946E-05 9.9946E-05 0.252973 9.9946E-05 9.9946E-05 0.619125 9.9946E-05 9.9946E-05 0.00230155 0.125001
9.9928E-05 9.9928E-05 0.247516 9.9928E-05 9.9928E-05 0.751685 9.9928E-05 9.9928E-05 9.9928E-05 9.9928E-05
9.9955E-05 9.9955E-05 0.276072 0.0166011 0.00253669 0.702384 0.00190629 9.9955E-05 9.9955E-05 9.9955E-05
0.0937358 0.722747 0.00140359 0.107346 9.9973E-05 0.0621672 0.011814 9.9973E-05 0.000487394 9.9973E-05
0.674947 0.322531 9.99369E-05 9.99369E-05 9.99369E-05 9.99369E-05 0.0018224 9.99369E-05 9.99369E-05 9.99369E-05
0.0798517 0.783892 0.0489117 0.0249561 9.9982E-05 9.9982E-05 0.0115103 0.00838345 0.0246709 0.0176234
9.99201E-05 9.99201E-05 9.99201E-05 9.99201E-05 9.99201E-05 9.99201E-05 0.999101 9.99201E-05 9.99201E-05 9.99201E-05
0.196038 0.67219 9.9973E-05 0.012968 9.9973E-05 9.9973E-05 0.0444301 0.0239074 0.0379388 0.0122278
9.99458E-05 0.309566 0.0275152 9.99458E-05 9.99458E-05 0.103228 0.559092 9.99458E-05 9.99458E-05 9.99458E-05
0.999101 9.99201E-05 9.99201E-05 9.99201E-05 9.99201E-05 9.99201E-05 9.99201E-05 9.99201E-05 9.99201E-05 9.99201E-05
0.612662 0.223031 9.99549E-05 0.0934762 9.99549E-05 9.99549E-05 0.0397001 9.99549E-05 0.0306303 9.99549E-05
9.99201E-05 9.99201E-05 9.99201E-05 9.99201E-05 9.99201E-05 9.99201E-05 0.999101 9.99201E-05 9.99201E-05 9.99201E-05
0.948057 9.99459E-05 0.0130229 9.99459E-05 9.99459E-05 0.0282897 9.99459E-05 9.99459E-05 9.99459E-05 0.0100309
0.326673 0.618589 0.00599562 9.9964E-05 9.9964E-05 0.0101166 0.022524 9.9964E-05 0.0157027 9.9964E-05
0.418428 0.475756 9.99549E-05 9.99549E-05 9.99549E-05 9.99549E-05 0.0708993 0.0226592 0.0117576 9.99549E-05
