0.00452397 0.0578278 0.0673283 0.269221 0.5076 0.00792309 9.9991E-05 0.0103419 0.0751338
9.9964E-05 9.9964E-05 0.0846847 0.0300306 0.814307 9.9964E-05 0.0660921 0.00448597 9.9964E-05
9.999E-05 0.0210576 0.114949 0.0099669 0.681452 0.0427032 0.023053 0.012414 0.0943052
0.509145 0.0507394 9.9973E-05 9.9973E-05 0.329004 0.0430331 9.9973E-05 0.0286141 0.0391644
0.00617631 9.9991E-05 0.000588531 0.0627277 0.649641 0.0472678 0.0236169 0.0158706 0.194011
9.9973E-05 0.0352581 0.0377786 0.11536 0.782064 0.0202991 9.9973E-05 0.00894021 9.9973E-05
0.0893709 0.00139491 9.9982E-05 0.177492 0.710786 0.00960755 0.000250538 0.010898 9.9982E-05
0.00607608 9.9955E-05 9.9955E-05 9.9955E-05 0.0912998 9.9955E-05 9.9955E-05 0.00311693 0.899007
0.0852755 9.9973E-05 0.0114143 0.0302533 0.142026 9.9973E-05 9.9973E-05 0.00593769 0.724793
9.9946E-05 9.9946E-05 0.00425704 9.9946E-05 9.9946E-05 9.9946E-05 0.175373 9.9946E-05 0.819771
9.99549E-05 9.99549E-05 0.0496414 0.0485612 0.0465917 9.99549E-05 9.99549E-05 9.99549E-05 0.854706
0.0309158 0.0101572 9.9964E-05 9.9964E-05 9.9964E-05 0.0143158 9.9964E-05 0.00797547 0.936236
0.0319783 9.9973E-05 0.124209 0.0733474 0.0590834 9.9973E-05 9.9973E-05 0.00102102 0.710061
9.99369E-05 9.99369E-05 9.99369E-05 9.99369E-05 9.99369E-05 9.99369E-05 0.0142556 9.99369E-05 0.985045
9.9964E-05 0.00222403 0.0190994 0.227868 9.9964E-05 9.9964E-05 9.9964E-05 0.00237766 0.748031
0.0355372 9.9964E-05 9.9964E-05 0.228659 0.0983352 9.9964E-05 9.9964E-05 0.00308137 0.633988
9.99549E-05 9.99549E-05 0.251741 0.249266 9.99549E-05 9.99549E-05 0.25608 9.99549E-05 0.242414
0.0422391 9.9982E-05 9.9982E-05 0.0772498 0.0990823 0.00286773 0.00726527 0.00858919 0.762507
9.99549E-05 9.99549E-05 0.326978 0.312349 9.99549E-05 9.99549E-05 0.154616 9.99549E-05 0.205557
0.0313781 0.0375028 0.0504045 0.328081 0.163465 9.9982E-05 9.9982E-05 0.00728511 0.381683
0.0308651 9.9973E-05 0.0196431 0.376047 9.9973E-05 9.9973E-05 0.0155815 0.00120674 0.556357
0.0288474 9.9964E-05 0.208362 0.386231 0.0671123 9.9964E-05 9.9964E-05 9.9964E-05 0.309048
9.9973E-05 9.9973E-05 0.091981 0.300921 0.0361507 9.9973E-05 0.055878 0.00117143 0.513598
0.0347038 9.9964E-05 0.0698294 0.670719 0.0239695 9.9964E-05 9.9964E-05 9.9964E-05 0.200379
9.9964E-05 0.00145296 9.9964E-05 0.630297 0.0215082 0.0165163 9.9964E-05 9.9964E-05 0.329826
0.0200393 9.99549E-05 0.137422 0.630086 9.99549E-05 9.99549E-05 9.99549E-05 9.99549E-05 0.211953
0.0241644 9.9982E-05 0.258289 0.301966 0.0518218 9.9982E-05 0.0504739 0.00406734 0.309017
9.99549E-05 9.99549E-05 0.0672827 0.340821 9.99549E-05 9.99549E-05 0.18625 9.99549E-05 0.405146
0.0595406 0.00566016 0.125223 0.293417 0.167259 0.00288075 9.9982E-05 9.9982E-05 0.345819
0.220591 9.9973E-05 9.9973E-05 0.045337 0.657238 0.00407111 9.9973E-05 0.00673727 0.0657258
0.242165 9.9973E-05 0.0293506 9.9973E-05 0.669158 9.9973E-05 0.0149927 0.00852767 0.0355066
0.324199 9.9973E-05 0.0323354 0.138702 0.444228 9.9973E-05 9.9973E-05 0.0102552 0.0499804
0.0808021 9.9964E-05 9.9964E-05 0.363311 0.194535 9.9964E-05 9.9964E-05 0.0363481 0.324604
0.1091 0.0156997 9.9982E-05 0.0415706 0.618427 9.9982E-05 0.0226816 0.0138271 0.178494
9.9937E-05 9.9937E-05 9.9937E-05 0.997626 9.9937E-05 9.9937E-05 9.9937E-05 0.00167411 9.9937E-05
0.0645338 0.0344518 0.0942381 0.419255 0.125138 9.9973E-05 9.9973E-05 9.9973E-05 0.262083
9.993E-05 9.993E-05 9.993E-05 9.993E-05 9.993E-05 0.999201 9.993E-05 9.993E-05 9.993E-05
0.0524458 9.9964E-05 0.236149 0.471019 9.9964E-05 0.0132294 9.9964E-05 9.9964E-05 0.226757
9.9964E-05 0.0321808 0.0380647 0.213207 0.131563 9.9964E-05 9.9964E-05 9.9964E-05 0.584585
0.0588963 9.9973E-05 0.066762 0.588726 0.152732 9.9973E-05 9.9973E-05 0.000787006 0.131797
0.095219 0.0452059 0.187253 0.379738 0.182289 9.9982E-05 9.9982E-05 0.0102812 0.0998141
0.156239 0.0404507 0.00919845 9.9991E-05 0.666275 0.00519918 0.00252769 0.0275202 0.0924902
0.129465 9.9973E-05 0.0270253 0.161284 0.655229 0.01072 9.9973E-05 0.0159766 9.9973E-05
9.99459E-05 0.0230428 0.935117 9.99459E-05 0.0412402 9.99459E-05 9.99459E-05 9.99459E-05 9.99459E-05
9.9964E-05 9.9964E-05 0.984557 9.9964E-05 0.00129408 0.00769445 0.0018348 0.00422013 9.9964E-05
9.9955E-05 9.9955E-05 0.899144 9.9955E-05 9.9955E-05 0.0206711 0.077384 0.00230143 9.9955E-05
0.00805858 9.9955E-05 0.672054 0.310946 0.00844132 9.9955E-05 9.9955E-05 9.9955E-05 9.9955E-05
0.0605716 9.9964E-05 0.81948 0.0684143 0.0477051 9.9964E-05 9.9964E-05 0.00342873 9.9964E-05
9.9955E-05 9.9955E-05 0.704283 0.280689 0.0110396 9.9955E-05 9.9955E-05 0.00348861 9.9955E-05
0.0227068 9.9964E-05 0.847756 0.0898613 9.9964E-05 9.9964E-05 0.035904 9.9964E-05 0.00337163
9.9946E-05 9.9946E-05 0.598573 9.9946E-05 9.9946E-05 9.9946E-05 0.0521824 9.9946E-05 0.348645
0.0220955 9.99641E-05 0.603857 0.0485908 0.0813062 9.99641E-05 9.99641E-05 9.99641E-05 0.24375
9.9937E-05 9.9937E-05 0.965649 9.9937E-05 0.0336517 9.9937E-05 9.9937E-05 9.9937E-05 9.9937E-05
9.99369E-05 9.99369E-05 0.929646 9.99369E-05 9.99369E-05 9.99369E-05 0.0696543 9.99369E-05 9.99369E-05
0.0506735 0.623822 9.9955E-05 9.9955E-05 0.31739 9.9955E-05 9.9955E-05 0.007615 9.9955E-05
9.9955E-05 0.83113 9.9955E-05 0.0484371 0.112034 9.9955E-05 9.9955E-05 0.00789961 9.9955E-05
0.180032 0.55066 0.0175914 9.9964E-05 0.237021 9.9964E-05 9.9964E-05 0.0142953 9.9964E-05
9.99469E-05 0.276851 9.99469E-05 9.99469E-05 0.703562 9.99469E-05 9.99469E-05 0.0189867 9.99469E-05
9.9964E-05 0.300965 9.9964E-05 0.0336766 0.614724 0.0243324 9.9964E-05 0.0259021 9.9964E-05
9.99549E-05 0.908615 9.99549E-05 9.99549E-05 9.99549E-05 9.99549E-05 0.0442365 0.00875197 0.0378969
0.10277 0.281183 9.9955E-05 9.9955E-05 0.57749 9.9955E-05 9.9955E-05 0.0380569 9.9955E-05
9.9946E-05 0.23723 9.9946E-05 9.9946E-05 0.724156 0.0380144 9.9946E-05 9.9946E-05 9.9946E-05
0.242315 0.0306926 0.105898 0.129103 0.299417 0.00231837 0.0712966 0.0186318 0.100327
0.000350603 0.580004 9.9964E-05 9.9964E-05 0.393463 0.00450976 9.9964E-05 0.0212728 9.9964E-05
0.114002 9.9964E-05 0.0373039 0.0395113 0.789949 9.9964E-05 0.0188337 9.9964E-05 9.9964E-05
0.395587 0.00571681 0.0128115 0.0150989 0.528958 0.00215517 9.9991E-05 0.0122321 0.0273412
0.18024 0.139867 0.0101094 0.0412142 0.62817 9.9964E-05 9.9964E-05 9.9964E-05 9.9964E-05
0.566032 0.0314416 0.0037201 0.0277814 0.331816 0.000326282 0.00407301 0.0188993 0.0159112
0.211579 0.0781936 9.9973E-05 0.0555296 0.64174 0.00448799 9.9973E-05 0.00817016 9.9973E-05
0.192394 0.347835 9.9955E-05 9.9955E-05 0.442602 9.9955E-05 9.9955E-05 0.0166696 9.9955E-05
0.904235 9.9973E-05 0.0164439 0.0309002 0.042054 9.9973E-05 9.9973E-05 0.000476385 0.00559076
0.116376 0.443586 9.9955E-05 9.9955E-05 0.403592 9.9955E-05 9.9955E-05 0.0359462 9.9955E-05
0.717449 0.250011 9.9946E-05 9.9946E-05 9.9946E-05 9.9946E-05 9.9946E-05 0.03194 9.9946E-05
0.570115 0.0892156 0.0488071 0.019048 0.270578 0.00193597 9.9973E-05 9.9973E-05 9.9973E-05
0.247515 0.490472 9.9964E-05 9.9964E-05 0.241404 9.9964E-05 9.9964E-05 0.0184124 0.00179703
0.415769 0.467745 9.9955E-05 9.9955E-05 0.0554541 9.9955E-05 9.9955E-05 0.060532 9.9955E-05
0.0996655 0.00961234 0.0509456 0.0463336 0.743167 9.9991E-05 0.0349621 0.0130664 0.00214776
0.105467 0.138479 9.9964E-05 9.9964E-05 0.748831 0.00178005 9.9964E-05 0.00504198 9.9964E-05
0.30862 0.350728 0.00566351 9.9973E-05 0.295667 0.0230848 9.9973E-05 0.0159362 9.9973E-05
0.0468375 0.158193 0.0036237 9.9982E-05 0.731867 0.0193847 9.9982E-05 0.008613 0.0312803
0.157289 0.125241 9.9973E-05 9.9973E-05 0.686146 0.0209798 9.9973E-05 0.00838181 0.0016626
0.240562 0.00124344 0.0323372 0.119096 0.602497 0.000824543 0.00323933 9.9982E-05 9.9982E-05
9.9955E-05 0.212243 9.9955E-05 9.9955E-05 0.765953 0.0099662 9.9955E-05 0.0113374 9.9955E-05
0.00799546 0.191852 9.9964E-05 9.9964E-05 0.779498 0.0130211 9.9964E-05 0.00723342 9.9964E-05
0.11098 0.136464 9.9955E-05 9.9955E-05 0.701673 9.9955E-05 9.9955E-05 9.9955E-05 0.0503834
9.99369E-05 9.99369E-05 9.99369E-05 9.99369E-05 9.99369E-05 9.99369E-05 0.541247 9.99369E-05 0.458054
9.99459E-05 9.99459E-05 0.0666439 9.99459E-05 9.99459E-05 9.99459E-05 0.440626 9.99459E-05 0.49213
9.99459E-05 9.99459E-05 0.0969682 9.99459E-05 9.99459E-05 9.99459E-05 0.508003 9.99459E-05 0.394429
9.99459E-05 9.99459E-05 0.145332 9.99459E-05 9.99459E-05 9.99459E-05 0.468768 9.99459E-05 0.3853
0.0010099 9.99639E-05 0.178181 0.0542367 9.99639E-05 9.99639E-05 0.26986 9.99639E-05 0.496313
9.99459E-05 9.99459E-05 0.137351 9.99459E-05 9.99459E-05 9.99459E-05 0.328813 9.99459E-05 0.533236
9.99368E-05 9.99368E-05 0.931313 9.99368E-05 9.99368E-05 9.99368E-05 0.0679872 9.99368E-05 9.99368E-05
0.258035 0.268498 9.9955E-05 9.9955E-05 0.447865 9.9955E-05 9.9955E-05 0.0251026 9.9955E-05
0.477596 0.501316 9.9946E-05 9.9946E-05 9.9946E-05 9.9946E-05 9.9946E-05 0.0204885 9.9946E-05
0.954083 9.9946E-05 9.9946E-05 9.9946E-05 9.9946E-05 0.0196302 9.9946E-05 0.0256867 9.9946E-05
0.716981 9.9955E-05 9.9955E-05 9.9955E-05 0.247967 9.9955E-05 0.00653773 0.0280149 9.9955E-05
0.408091 0.167557 9.995E-05 9.995E-05 0.401407 9.995E-05 9.995E-05 0.0224452 9.995E-05
0.391473 9.9964E-05 9.9964E-05 9.9964E-05 0.515233 9.9964E-05 0.00564662 0.0196011 0.0676467
0.954839 9.9946E-05 9.9946E-05 0.00771748 9.9946E-05 9.9946E-05 9.9946E-05 0.0368441 9.9946E-05
0.109752 0.0615106 0.0133757 9.9973E-05 0.757827 9.9973E-05 9.9973E-05 0.00738045 0.0498543
0.860982 0.114446 9.9955E-05 9.9955E-05 9.9955E-05 0.0228972 9.9955E-05 0.00117523 9.9955E-05
0.568977 0.126313 9.9964E-05 9.9964E-05 0.224069 9.9964E-05 9.9964E-05 0.0690768 0.011164
9.99369E-05 9.99369E-05 9.99369E-05 9.99369E-05 9.99369E-05 9.99369E-05 0.619527 9.99369E-05 0.379774
9.99549E-05 9.99549E-05 0.0447648 0.462607 9.99549E-05 9.99549E-05 0.224154 9.99549E-05 0.267974
9.9955E-05 9.9955E-05 0.114912 0.224537 9.9955E-05 9.9955E-05 0.107302 9.9955E-05 0.552749
9.9955E-05 9.9955E-05 9.9955E-05 0.23476 0.0421978 9.9955E-05 0.0869383 9.9955E-05 0.635604
0.00822676 9.9973E-05 0.0316785 0.545231 9.9973E-05 9.9973E-05 0.208929 0.00145932 0.204175
9.99459E-05 9.99459E-05 9.99459E-05 0.587076 9.99459E-05 9.99459E-05 0.173592 9.99459E-05 0.238733
9.99549E-05 0.00986436 9.99549E-05 9.99549E-05 0.0332075 9.99549E-05 0.955457 0.000971233 9.99549E-05
0.846246 0.0404204 9.9973E-05 0.0585758 9.9973E-05 0.0190408 0.00590881 0.0295079 9.9973E-05
9.99549E-05 9.99549E-05 9.99549E-05 0.463961 0.0366331 9.99549E-05 0.119491 9.99549E-05 0.379416
9.99639E-05 9.99639E-05 0.117328 0.375589 0.012411 0.188358 9.99639E-05 9.99639E-05 0.305913
9.99549E-05 9.99549E-05 0.156352 0.327624 9.99549E-05 9.99549E-05 0.460137 9.99549E-05 0.0553877
9.99369E-05 9.99369E-05 9.99369E-05 0.782971 9.99369E-05 9.99369E-05 0.21633 9.99369E-05 9.99369E-05
0.0104561 9.9982E-05 0.0679086 0.677497 0.00420117 0.0196675 0.167231 9.9982E-05 0.0528393
9.99369E-05 9.99369E-05 9.99369E-05 0.218581 9.99369E-05 9.99369E-05 0.780719 9.99369E-05 9.99369E-05
9.99549E-05 9.99549E-05 9.99549E-05 0.176974 9.99549E-05 0.0151661 0.803511 0.00384924 9.99549E-05
9.99459E-05 9.99459E-05 9.99459E-05 0.560265 9.99459E-05 9.99459E-05 0.152258 9.99459E-05 0.286878
9.9955E-05 9.9955E-05 9.9955E-05 0.257019 9.9955E-05 0.00929965 0.374085 9.9955E-05 0.359097
9.99459E-05 9.99459E-05 9.99459E-05 9.99459E-05 0.00653778 9.99459E-05 0.863383 9.99459E-05 0.12948
9.99369E-05 9.99369E-05 9.99369E-05 9.99369E-05 9.99369E-05 9.99369E-05 0.295375 9.99369E-05 0.703925
9.99369E-05 9.99369E-05 9.99369E-05 9.99369E-05 9.99369E-05 9.99369E-05 0.915572 9.99369E-05 0.0837287
9.99459E-05 9.99459E-05 0.0506082 9.99459E-05 9.99459E-05 9.99459E-05 0.318655 9.99459E-05 0.630137
9.99459E-05 9.99459E-05 0.220182 9.99459E-05 9.99459E-05 9.99459E-05 0.751004 9.99459E-05 0.0282135
0.00648819 9.9964E-05 0.0253995 0.139952 9.9964E-05 9.9964E-05 0.0505558 9.9964E-05 0.777205
0.0687726 9.9982E-05 0.449823 0.262362 0.0178268 9.9982E-05 0.00187526 0.00732868 0.191811
9.99459E-05 9.99459E-05 9.99459E-05 9.99459E-05 9.99459E-05 0.705802 0.28558 9.99459E-05 0.00801774
9.995E-05 9.995E-05 9.995E-05 0.215435 9.995E-05 0.00845059 0.712761 9.995E-05 0.0628534
9.9955E-05 0.0744534 9.9955E-05 9.9955E-05 9.9955E-05 0.0582783 0.851393 0.0153756 9.9955E-05
9.9973E-05 0.0828061 0.0216996 0.0373247 0.704085 0.0697605 0.0840246 9.9973E-05 9.9973E-05
9.9955E-05 0.0145502 9.9955E-05 0.211425 9.9955E-05 0.0229047 0.75062 9.9955E-05 9.9955E-05
9.9964E-05 9.9964E-05 0.112273 0.472496 0.309318 0.0909445 9.9964E-05 0.0145685 9.9964E-05
9.9964E-05 0.0868173 0.035927 0.779834 0.0791452 0.017877 9.9964E-05 9.9964E-05 9.9964E-05
9.9955E-05 9.9955E-05 0.320499 0.252673 9.9955E-05 9.9955E-05 0.0393975 9.9955E-05 0.38693
0.000653627 0.0196137 0.0271703 0.649269 0.0366701 0.0121853 0.254238 9.9982E-05 9.9982E-05
0.0557904 9.99549E-05 0.168664 0.488472 9.99549E-05 9.99549E-05 9.99549E-05 9.99549E-05 0.286574
9.99459E-05 9.99459E-05 9.99459E-05 0.441572 9.99459E-05 9.99459E-05 0.340591 9.99459E-05 0.217237
0.0442301 0.0838808 9.9982E-05 0.503513 0.049297 0.14892 0.161485 0.00847412 9.9982E-05
0.0783836 0.167504 0.000119475 9.9982E-05 0.737141 0.0113643 0.00194664 0.00334117 9.9982E-05
0.0114966 9.9991E-05 0.0668713 0.669674 0.0108587 0.0115225 0.0706949 0.0156707 0.143111
9.9955E-05 9.9955E-05 9.9955E-05 0.383085 9.9955E-05 0.0433693 0.134079 9.9955E-05 0.438967
0.754364 0.0519144 9.9955E-05 9.9955E-05 0.164484 9.9955E-05 9.9955E-05 0.0287377 9.9955E-05
0.882376 0.116924 9.9937E-05 9.9937E-05 9.9937E-05 9.9937E-05 9.9937E-05 9.9937E-05 9.9937E-05
0.312377 0.0884626 0.0034826 9.9973E-05 0.578683 9.9973E-05 0.0149109 0.00178402 9.9973E-05
0.232692 0.0231463 9.9973E-05 0.0481225 0.65028 9.9973E-05 9.9973E-05 0.00359802 0.0418612
0.564203 0.247329 9.9955E-05 9.9955E-05 0.161436 9.9955E-05 9.9955E-05 0.0265328 9.9955E-05
0.159328 0.00557268 9.9973E-05 9.9973E-05 0.710556 9.9973E-05 0.0166837 0.00755469 0.100006
0.00350897 0.140153 0.00985674 9.9964E-05 0.832758 9.9964E-05 0.0133236 9.9964E-05 9.9964E-05
0.988721 9.9937E-05 0.0105799 9.9937E-05 9.9937E-05 9.9937E-05 9.9937E-05 9.9937E-05 9.9937E-05
0.805546 9.9955E-05 9.9955E-05 0.0144955 0.1631 9.9955E-05 9.9955E-05 0.0163583 9.9955E-05
0.510005 9.9955E-05 0.0582739 9.9955E-05 0.378387 9.9955E-05 9.9955E-05 9.9955E-05 0.0528343
9.9964E-05 0.0375933 0.00707932 9.9964E-05 0.907235 0.0230365 0.0246562 9.9964E-05 9.9964E-05
0.521627 9.9973E-05 0.0264144 0.0583895 0.368364 9.9973E-05 9.9973E-05 0.0192972 0.00560867
0.371235 0.0960522 9.9964E-05 9.9964E-05 0.497762 0.0132586 9.9964E-05 9.9964E-05 0.0212925
0.375984 9.9964E-05 0.0708962 0.00534343 0.541419 9.9964E-05 9.9964E-05 0.00595759 9.9964E-05
0.163049 0.000253558 9.9982E-05 0.129159 0.635779 9.9982E-05 0.00049966 0.0182054 0.0528545
9.993E-05 0.999201 9.993E-05 9.993E-05 9.993E-05 9.993E-05 9.993E-05 9.993E-05 9.993E-05
0.0588175 0.848531 0.0112257 0.0369309 0.0440949 9.99639E-05 9.99639E-05 9.99639E-05 9.99639E-05
9.99369E-05 0.996637 9.99369E-05 9.99369E-05 9.99369E-05 9.99369E-05 9.99369E-05 0.00266316 9.99369E-05
0.969735 9.9946E-05 0.00754673 9.9946E-05 9.9946E-05 9.9946E-05 9.9946E-05 9.9946E-05 0.0221181
0.373557 0.478212 9.9955E-05 9.9955E-05 0.13864 9.9955E-05 9.9955E-05 0.00909221 9.9955E-05
9.9964E-05 0.677217 9.9964E-05 9.9964E-05 0.308233 0.00462716 9.9964E-05 0.00578939 0.00373312
0.912744 0.0574866 9.9955E-05 9.9955E-05 9.9955E-05 0.0135473 9.9955E-05 0.0157227 9.9955E-05
0.133183 0.113768 0.00199134 0.0169007 0.703418 9.9991E-05 0.00344464 0.0118863 0.015308
9.99618E-05 9.99618E-05 9.99618E-05 9.99618E-05 0.870115 9.99618E-05 0.0356529 0.0178824 0.0758502
0.0395548 0.0631846 0.0622334 0.0966688 0.57483 9.999E-05 0.045612 0.00891015 0.108906
0.263207 9.9982E-05 0.00248384 0.128221 0.461721 9.9982E-05 0.0138564 0.0175682 0.112742
9.993E-05 0.999201 9.993E-05 9.993E-05 9.993E-05 9.993E-05 9.993E-05 9.993E-05 9.993E-05
9.9964E-05 9.9964E-05 0.000748779 9.9964E-05 0.844315 9.9964E-05 0.0451611 0.00110961 0.108266
0.0966406 0.01707 0.162671 0.394611 0.257092 9.9982E-05 9.9982E-05 0.00511782 0.0665973
9.9964E-05 9.9964E-05 0.10679 0.495116 0.165003 9.9964E-05 0.0576354 9.9964E-05 0.175057
0.0438437 9.9964E-05 0.0614879 0.498828 0.134198 9.9964E-05 9.9964E-05 9.9964E-05 0.261243
0.141503 9.9982E-05 0.116929 0.143148 0.555493 9.9982E-05 0.0264927 0.00160674 0.0146276
0.196611 0.00952378 9.9964E-05 0.0795014 0.70921 9.9964E-05 9.9964E-05 0.00475374 9.9964E-05
0.185731 9.99526E-05 9.99526E-05 9.99526E-05 0.704507 9.99526E-05 9.99526E-05 9.99526E-05 0.109162
0.113692 0.00342802 0.0576411 9.9982E-05 0.797614 0.01382 0.00850343 0.00510183 9.9982E-05
0.291183 9.9964E-05 0.0479281 0.076292 0.57762 9.9964E-05 9.9964E-05 0.00657749 9.9964E-05
0.135777 9.9973E-05 0.0196679 9.9973E-05 0.809734 0.00736581 0.0176725 0.00948294 9.9973E-05
9.99549E-05 9.99549E-05 0.174488 0.497613 0.036722 9.99549E-05 9.99549E-05 9.99549E-05 0.290677
9.99549E-05 9.99549E-05 0.120429 0.591992 9.99549E-05 9.99549E-05 0.232145 9.99549E-05 0.0549347
9.99549E-05 9.99549E-05 0.209055 0.447731 9.99549E-05 9.99549E-05 0.265257 9.99549E-05 0.077456
0.00744171 9.9964E-05 0.0835952 0.393681 9.9964E-05 9.9964E-05 0.0121351 9.9964E-05 0.502747
9.996E-05 9.996E-05 0.254338 0.404797 0.023614 9.996E-05 0.0460194 9.996E-05 0.270832
9.99549E-05 9.99549E-05 0.114687 0.561992 9.99549E-05 9.99549E-05 0.129276 9.99549E-05 0.193545
9.9964E-05 9.9964E-05 0.0819778 0.563716 0.0105115 9.9964E-05 0.0100937 9.9964E-05 0.333301
9.99549E-05 9.99549E-05 0.0195177 0.302349 9.99549E-05 9.99549E-05 0.179078 9.99549E-05 0.498556
9.99549E-05 9.99549E-05 0.0393859 0.438889 9.99549E-05 9.99549E-05 0.492254 9.99549E-05 0.0289713
9.99549E-05 9.99549E-05 0.109249 0.364211 9.99549E-05 9.99549E-05 0.0859599 9.99549E-05 0.440081
9.99459E-05 9.99459E-05 0.157215 0.52082 9.99459E-05 9.99459E-05 9.99459E-05 9.99459E-05 0.321365
9.9964E-05 9.9964E-05 0.172358 0.424675 0.0126623 9.9964E-05 9.9964E-05 0.00256482 0.387339
0.0412895 0.16124 9.9973E-05 0.0182583 0.74708 9.9973E-05 0.000194505 9.9973E-05 0.0316381
0.566285 0.201155 9.9973E-05 0.0134499 0.181744 0.00674236 9.9973E-05 0.0303231 9.9973E-05
0.366715 9.9964E-05 0.0497492 9.9964E-05 0.55517 9.9964E-05 0.010191 9.9964E-05 0.0177742
9.993E-05 9.993E-05 9.993E-05 9.993E-05 9.993E-05 9.993E-05 9.993E-05 0.999201 9.993E-05
0.297595 0.0628187 0.0137489 9.9973E-05 0.566567 9.9973E-05 0.0182614 0.0407092 9.9973E-05
9.99639E-05 9.99639E-05 0.0417406 0.0441524 0.311312 9.99639E-05 9.99639E-05 0.556894 0.0455014
9.9964E-05 0.671787 9.9964E-05 0.101395 0.162953 0.0172076 9.9964E-05 0.0462575 9.9964E-05
0.365804 0.366491 9.9964E-05 9.9964E-05 0.195952 0.000769321 9.9964E-05 0.0705847 9.9964E-05
9.993E-05 9.993E-05 9.993E-05 9.993E-05 9.993E-05 9.993E-05 9.993E-05 0.999201 9.993E-05
0.105167 0.348075 9.9973E-05 9.9973E-05 0.34871 0.0568901 0.0460133 0.0948451 9.9973E-05
0.607226 9.9955E-05 9.9955E-05 0.0532036 0.308145 9.9955E-05 9.9955E-05 0.0309259 9.9955E-05
0.140568 0.157217 9.9964E-05 9.9964E-05 0.590057 0.00920453 9.9964E-05 0.102553 9.9964E-05
