9.9991E-05 0.141132 0.170826 0.0341663 0.0268741 0.360202 0.0211013 0.0208977 0.223422 0.00127899
9.99459E-05 0.0462685 0.0290757 9.99459E-05 0.0450782 9.99459E-05 9.99459E-05 9.99459E-05 0.878978 9.99459E-05
0.000851634 0.0581115 0.154589 9.999E-05 0.0124421 0.0391551 0.00135456 0.0417943 0.671965 0.0196374
9.9973E-05 9.9973E-05 0.00578144 0.0268536 9.9973E-05 0.555446 0.0450081 0.183089 0.151142 0.0323801
9.9955E-05 0.0851384 0.0932665 0.0493637 9.9955E-05 9.9955E-05 9.9955E-05 9.9955E-05 0.761884 0.00984793
0.0349729 0.153205 9.9955E-05 9.9955E-05 9.9955E-05 0.326991 0.0211006 9.9955E-05 0.463231 9.9955E-05
9.995E-05 0.132194 9.995E-05 9.995E-05 0.0308744 0.421973 0.0117582 9.995E-05 0.402701 9.995E-05
9.99721E-05 0.276525 0.605638 9.99721E-05 0.0278757 0.0585866 9.99721E-05 0.0056745 0.0252999 9.99721E-05
0.0362746 0.246554 0.530458 9.9964E-05 9.9964E-05 0.123198 0.0118253 9.9964E-05 0.0512903 9.9964E-05
9.9955E-05 0.0691094 0.666858 0.206896 0.0515669 9.9955E-05 9.9955E-05 9.9955E-05 9.9955E-05 0.00507025
9.9955E-05 0.236789 0.681033 0.00199597 0.0305502 9.9955E-05 9.9955E-05 9.9955E-05 0.0491313 9.9955E-05
0.00604167 0.258398 0.599947 9.99867E-05 0.0784071 0.00716095 9.99867E-05 0.0174119 0.0156841 0.0167487
0.00112116 0.227046 0.66979 9.9955E-05 0.00799222 0.0935507 9.9955E-05 9.9955E-05 9.9955E-05 9.9955E-05
9.99459E-05 0.198771 0.669366 0.0213839 0.109879 9.99459E-05 9.99459E-05 9.99459E-05 9.99459E-05 9.99459E-05
9.9955E-05 0.433903 0.515283 0.0154694 0.0231553 9.9955E-05 9.9955E-05 0.0116894 9.9955E-05 9.9955E-05
9.9946E-05 0.596805 0.300696 9.9946E-05 9.9946E-05 0.0573538 9.9946E-05 0.0445461 9.9946E-05 9.9946E-05
9.99459E-05 0.310507 0.393809 0.209118 0.0859673 9.99459E-05 9.99459E-05 9.99459E-05 9.99459E-05 9.99459E-05
9.9973E-05 0.344441 0.463256 0.0269028 0.0283744 0.11935 9.9973E-05 0.0161929 0.00118345 9.9973E-05
9.99459E-05 0.395228 0.419097 0.11002 0.075055 9.99459E-05 9.99459E-05 9.99459E-05 9.99459E-05 9.99459E-05
0.00126644 0.501041 0.258585 9.9982E-05 0.0135444 0.0973401 0.0060667 0.0401414 0.0818151 9.9982E-05
9.9964E-05 0.631131 0.279811 0.0678027 0.00181702 0.0188212 9.9964E-05 0.000216711 9.9964E-05 9.9964E-05
9.9973E-05 0.556477 0.326708 0.0322704 9.9973E-05 0.0325595 0.0004569 0.0427362 0.00849257 9.9973E-05
9.9955E-05 0.474494 0.406928 0.0449471 0.0481008 0.0250304 9.9955E-05 9.9955E-05 9.9955E-05 9.9955E-05
0.0112988 0.816107 0.114998 9.9973E-05 0.0258249 0.0289672 0.00213917 9.9973E-05 9.9973E-05 0.000364333
9.9946E-05 0.904007 0.0641394 9.9946E-05 0.00572943 9.9946E-05 9.9946E-05 9.9946E-05 9.9946E-05 0.0255249
9.9946E-05 0.790157 0.17225 9.9946E-05 0.0292691 9.9946E-05 9.9946E-05 0.00772488 9.9946E-05 9.9946E-05
0.00126841 0.443028 0.409507 9.9964E-05 0.078682 0.0618978 0.0052168 9.9964E-05 9.9964E-05 9.9964E-05
9.99459E-05 0.446773 0.298793 0.157664 0.0961704 9.99459E-05 9.99459E-05 9.99459E-05 9.99459E-05 9.99459E-05
0.00125899 0.46308 0.2916 9.9991E-05 0.0197282 0.11026 0.0053449 0.0100636 0.0888609 0.00970285
0.0435113 0.0899136 0.0349758 9.9982E-05 0.00339958 0.802747 0.0191644 9.9982E-05 0.00478797 0.00130005
0.00580071 0.0328318 0.0259057 9.9982E-05 0.0151004 0.610573 0.0195853 0.01723 0.272774 9.9982E-05
9.9964E-05 0.0241938 0.0466111 9.9964E-05 0.0367766 0.0146335 0.0143298 9.9964E-05 0.863055 9.9964E-05
0.0201013 0.521561 0.148404 9.9991E-05 0.0332635 0.124769 0.0277627 0.0145005 0.108874 0.000664695
9.9964E-05 0.201872 9.9964E-05 0.0439859 9.9964E-05 0.543942 0.0230416 0.0109233 0.175836 9.9964E-05
9.99459E-05 0.699538 9.99459E-05 0.217167 9.99459E-05 0.0790633 0.00363174 9.99459E-05 9.99459E-05 9.99459E-05
0.00104599 0.511617 0.249641 0.00194996 9.9982E-05 0.0930933 0.00904463 0.055954 0.0774549 9.9982E-05
9.99201E-05 9.99201E-05 9.99201E-05 9.99201E-05 9.99201E-05 9.99201E-05 9.99201E-05 9.99201E-05 9.99201E-05 0.999101
9.9973E-05 0.520295 0.378514 9.9973E-05 0.0108562 0.0503641 0.00778323 0.014476 9.9973E-05 0.017412
9.9955E-05 0.482203 0.383072 9.9955E-05 9.9955E-05 0.0227308 9.9955E-05 0.0602351 0.051259 9.9955E-05
9.9964E-05 0.618587 0.153873 9.9964E-05 9.9964E-05 0.12508 0.020404 0.0271022 0.0545537 9.9964E-05
0.0489188 0.496958 0.184623 9.9964E-05 9.9964E-05 0.209548 0.0184248 0.0411279 9.9964E-05 9.9964E-05
0.0490981 0.0806667 0.0313009 9.9973E-05 9.9973E-05 0.506642 0.0378191 0.0328522 0.261322 9.9973E-05
0.0333764 0.100364 0.0684862 9.9982E-05 0.0107952 0.690643 0.0278293 9.9982E-05 0.0635428 0.00476274
0.0129509 9.9955E-05 0.896705 9.9955E-05 9.9955E-05 0.0608664 0.00571679 9.9955E-05 0.0232607 9.9955E-05
9.99571E-05 9.99571E-05 0.95668 9.99571E-05 9.99571E-05 9.99571E-05 0.00770186 0.00820809 0.0261456 0.000764685
9.9964E-05 9.9964E-05 0.869828 0.064746 0.0128498 9.9964E-05 0.0109881 9.9964E-05 0.0246083 0.0165803
0.0163187 0.327557 0.615476 9.9973E-05 0.00587156 0.0207597 0.0108661 9.9973E-05 0.002851 9.9973E-05
0.0384243 0.0876424 0.765073 9.9955E-05 9.9955E-05 0.107364 0.000997062 9.9955E-05 9.9955E-05 9.9955E-05
0.00763941 0.294211 0.662956 9.9964E-05 9.9964E-05 0.0251996 0.00821158 9.9964E-05 0.00138217 9.9964E-05
9.9946E-05 0.0679667 0.843448 0.0285412 9.9946E-05 0.0594449 9.9946E-05 9.9946E-05 9.9946E-05 9.9946E-05
9.994E-05 9.994E-05 0.934281 0.0524589 9.994E-05 9.994E-05 9.994E-05 0.00719715 9.994E-05 0.00546286
0.00968701 0.102003 0.772097 9.9973E-05 0.00206744 0.0758363 0.00330643 9.9973E-05 0.0347036 9.9973E-05
0.000419892 9.9946E-05 0.931239 9.9946E-05 9.9946E-05 0.0550187 9.9946E-05 0.0127232 9.9946E-05 9.9946E-05
0.0135716 9.9946E-05 0.92351 0.0224209 0.0398981 9.9946E-05 9.9946E-05 9.9946E-05 9.9946E-05 9.9946E-05
0.311525 9.99549E-05 9.99549E-05 9.99549E-05 9.99549E-05 0.235204 0.0185575 0.354757 0.0794563 9.99549E-05
0.999101 9.99201E-05 9.99201E-05 9.99201E-05 9.99201E-05 9.99201E-05 9.99201E-05 9.99201E-05 9.99201E-05 9.99201E-05
0.781942 9.99459E-05 9.99459E-05 9.99459E-05 9.99459E-05 0.0235458 9.99459E-05 0.00937984 0.184533 9.99459E-05
0.248828 9.99549E-05 9.99549E-05 9.99549E-05 9.99549E-05 0.10314 0.0191288 0.0513945 0.577009 9.99549E-05
0.364306 9.99369E-05 9.99369E-05 9.99369E-05 9.99369E-05 9.99369E-05 0.00707476 9.99369E-05 0.62792 9.99369E-05
9.99368E-05 9.99368E-05 0.0065429 0.0568992 9.99368E-05 9.99368E-05 9.99368E-05 0.935858 9.99368E-05 9.99368E-05
0.236709 9.9955E-05 9.9955E-05 9.9955E-05 9.9955E-05 0.388576 0.0392158 0.0911395 0.24386 9.9955E-05
0.213982 9.9955E-05 9.9955E-05 9.9955E-05 9.9955E-05 0.220886 9.9955E-05 0.0770878 0.467979 0.0195653
0.0858319 0.136792 0.211384 0.0301124 0.0220674 0.37966 0.0329632 9.9991E-05 0.0860604 0.0150281
0.0446246 9.99549E-05 9.99549E-05 9.99549E-05 9.99549E-05 0.0860741 0.0312663 0.533505 0.30403 9.99549E-05
0.0489712 0.0625843 0.0395983 0.00755634 9.9973E-05 0.652393 0.0116909 9.9973E-05 0.176906 9.9973E-05
9.9973E-05 0.0162262 0.0324622 9.9973E-05 0.0058709 0.83971 0.0243313 0.0760643 9.9973E-05 0.00503531
0.191953 0.0378572 9.9964E-05 0.00881448 9.9964E-05 0.589697 9.9964E-05 0.0252908 0.145987 9.9964E-05
0.116407 9.9973E-05 9.9973E-05 0.0125422 0.00735687 0.795578 0.0403952 0.016853 9.9973E-05 0.0105673
0.135627 0.0664443 9.9964E-05 9.9964E-05 9.9964E-05 0.613462 0.0172538 0.00720508 0.159608 9.9964E-05
0.278788 9.9955E-05 9.9955E-05 9.9955E-05 9.9955E-05 0.494891 0.0279213 0.125249 0.0726506 9.9955E-05
0.207132 0.0119906 0.000300931 9.9973E-05 0.00467156 0.689165 0.0168471 0.0695924 9.9973E-05 9.9973E-05
9.9937E-05 9.9937E-05 9.9937E-05 9.9937E-05 9.9937E-05 0.475688 0.03935 0.484262 9.9937E-05 9.9937E-05
0.584723 9.99459E-05 9.99459E-05 9.99459E-05 9.99459E-05 0.30636 0.0169989 0.0913194 9.99459E-05 9.99459E-05
0.217879 9.9973E-05 0.0391363 9.9973E-05 9.9973E-05 0.572544 0.000132955 0.0516022 0.106187 0.012218
9.99459E-05 9.99459E-05 9.99459E-05 9.99459E-05 9.99459E-05 0.181795 0.00226774 0.622194 0.193143 9.99459E-05
0.101548 9.99549E-05 9.99549E-05 9.99549E-05 9.99549E-05 0.0338703 0.0613443 0.555427 0.24731 9.99549E-05
9.9973E-05 0.139924 0.00962765 0.020627 9.9973E-05 0.625627 0.0218655 0.0197606 0.162269 9.9973E-05
0.2272 9.9937E-05 9.9937E-05 9.9937E-05 9.9937E-05 0.469193 9.9937E-05 9.9937E-05 0.302907 9.9937E-05
0.0769804 9.9955E-05 9.9955E-05 9.9955E-05 9.9955E-05 0.532163 0.0283192 0.331784 9.9955E-05 0.0302534
0.0514799 9.9973E-05 0.044107 9.9973E-05 9.9973E-05 0.617139 0.00222773 0.109906 0.156586 0.0182541
0.185762 9.9982E-05 0.00236023 9.9982E-05 0.0203531 0.738754 0.00185625 0.0107312 0.0271762 0.0128071
0.0355294 0.148191 9.9973E-05 9.9973E-05 0.00401182 0.602868 0.0101425 9.9973E-05 0.194303 0.00465461
0.120398 9.9964E-05 9.9964E-05 9.9964E-05 9.9964E-05 0.357273 0.0084217 0.106342 0.404884 0.00228219
0.196768 9.997E-05 0.0110492 9.997E-05 0.00479672 0.668233 0.0116822 9.997E-05 0.0982725 0.00889855
9.9964E-05 0.0340407 0.0175662 9.9964E-05 9.9964E-05 0.604333 9.9964E-05 0.133855 0.206504 0.0033003
9.99369E-05 9.99369E-05 0.40933 0.47762 0.11235 9.99369E-05 9.99369E-05 9.99369E-05 9.99369E-05 9.99369E-05
9.99369E-05 9.99369E-05 0.504034 0.416939 0.0783277 9.99369E-05 9.99369E-05 9.99369E-05 9.99369E-05 9.99369E-05
9.99368E-05 9.99368E-05 0.437643 0.521182 0.0404748 9.99368E-05 9.99368E-05 9.99368E-05 9.99368E-05 9.99368E-05
9.99368E-05 9.99368E-05 0.480719 0.505372 0.0132099 9.99368E-05 9.99368E-05 9.99368E-05 9.99368E-05 9.99368E-05
9.99549E-05 0.146609 0.527342 0.290129 0.0300831 0.00533666 9.99549E-05 9.99549E-05 9.99549E-05 9.99549E-05
9.99369E-05 9.99369E-05 0.60277 0.371625 0.0249059 9.99369E-05 9.99369E-05 9.99369E-05 9.99369E-05 9.99369E-05
9.99279E-05 9.99279E-05 0.957843 0.0413572 9.99279E-05 9.99279E-05 9.99279E-05 9.99279E-05 9.99279E-05 9.99279E-05
0.291739 9.99549E-05 9.99549E-05 9.99549E-05 9.99549E-05 0.490305 0.0301596 0.103462 0.0838341 9.99549E-05
0.500158 9.99459E-05 9.99459E-05 9.99459E-05 9.99459E-05 0.179885 0.0196364 0.299721 9.99459E-05 9.99459E-05
0.326346 9.9955E-05 9.9955E-05 9.9955E-05 9.9955E-05 0.569693 0.04191 0.0515893 9.9955E-05 0.0099617
0.121073 9.9946E-05 9.9946E-05 9.9946E-05 9.9946E-05 0.781545 0.0428883 0.0538943 9.9946E-05 9.9946E-05
0.30926 9.9946E-05 9.9946E-05 9.9946E-05 9.9946E-05 0.646552 0.0302003 0.013389 9.9946E-05 9.9946E-05
0.0545995 9.9955E-05 0.0441461 9.9955E-05 0.0323509 0.843841 0.0245625 9.9955E-05 9.9955E-05 9.9955E-05
0.0875092 9.9946E-05 9.9946E-05 9.9946E-05 9.9946E-05 0.696949 0.0547074 0.160234 9.9946E-05 9.9946E-05
0.0966779 0.0405808 0.0187467 9.9973E-05 0.00886837 0.487161 0.00814408 9.9973E-05 0.339522 9.9973E-05
0.607705 9.9937E-05 9.9937E-05 9.9937E-05 9.9937E-05 0.376146 9.9937E-05 0.0154499 9.9937E-05 9.9937E-05
0.306988 9.9955E-05 9.9955E-05 9.9955E-05 9.9955E-05 0.565737 0.065097 0.0529821 0.00869611 9.9955E-05
9.99277E-05 9.99277E-05 0.0820844 9.99277E-05 0.917116 9.99277E-05 9.99277E-05 9.99277E-05 9.99277E-05 9.99277E-05
9.99459E-05 0.569569 0.12456 0.101874 0.203396 9.99459E-05 9.99459E-05 9.99459E-05 9.99459E-05 9.99459E-05
9.9946E-05 0.393255 0.44874 0.0783146 0.0790908 9.9946E-05 9.9946E-05 9.9946E-05 9.9946E-05 9.9946E-05
0.00746618 0.518098 0.326642 0.0618217 0.0802825 9.9964E-05 9.9964E-05 9.9964E-05 0.00529062 9.9964E-05
9.9955E-05 0.681878 0.0484465 0.168687 0.0997626 9.9955E-05 0.000726254 9.9955E-05 9.9955E-05 9.9955E-05
9.99459E-05 0.721064 0.0185132 0.170503 0.0893204 9.99459E-05 9.99459E-05 9.99459E-05 9.99459E-05 9.99459E-05
0.00577576 9.99369E-05 9.99369E-05 0.72042 0.273105 9.99369E-05 9.99369E-05 9.99369E-05 9.99369E-05 9.99369E-05
0.191518 0.0200964 9.998E-05 0.011705 0.00706063 0.553377 0.0387641 0.151254 9.998E-05 0.026025
9.9955E-05 0.678872 0.12614 0.0314341 0.154113 9.9955E-05 0.00894073 9.9955E-05 9.9955E-05 9.9955E-05
9.99369E-05 0.615218 0.198819 9.99369E-05 9.99369E-05 9.99369E-05 9.99369E-05 9.99369E-05 9.99369E-05 0.185263
9.99459E-05 0.411808 0.0857007 0.343182 0.15871 9.99459E-05 9.99459E-05 9.99459E-05 9.99459E-05 9.99459E-05
9.99201E-05 0.522854 9.99201E-05 0.476347 9.99201E-05 9.99201E-05 9.99201E-05 9.99201E-05 9.99201E-05 9.99201E-05
9.9973E-05 0.611451 0.0425058 0.269368 0.0216725 0.0245149 9.9973E-05 9.9973E-05 0.022632 0.00755586
0.00726864 0.0118034 9.99549E-05 0.924466 0.0287793 9.99549E-05 9.99549E-05 9.99549E-05 0.0271825 9.99549E-05
0.0101911 0.0696645 9.9964E-05 0.838328 0.0709303 9.9964E-05 0.00288292 9.9964E-05 9.9964E-05 0.00760337
9.99459E-05 0.788522 0.00246791 0.049758 0.158652 9.99459E-05 9.99459E-05 9.99459E-05 9.99459E-05 9.99459E-05
9.99549E-05 0.399714 0.13248 0.229211 0.234179 9.99549E-05 9.99549E-05 9.99549E-05 9.99549E-05 0.0039163
9.99201E-05 9.99201E-05 9.99201E-05 9.99201E-05 0.999101 9.99201E-05 9.99201E-05 9.99201E-05 9.99201E-05 9.99201E-05
9.99459E-05 0.156413 0.456097 0.284618 0.102273 9.99459E-05 9.99459E-05 9.99459E-05 9.99459E-05 9.99459E-05
9.99279E-05 9.99279E-05 9.99279E-05 0.911222 0.0879787 9.99279E-05 9.99279E-05 9.99279E-05 9.99279E-05 9.99279E-05
9.99279E-05 9.99279E-05 0.585399 0.413802 9.99279E-05 9.99279E-05 9.99279E-05 9.99279E-05 9.99279E-05 9.99279E-05
9.99278E-05 9.99278E-05 0.215359 0.783842 9.99278E-05 9.99278E-05 9.99278E-05 9.99278E-05 9.99278E-05 9.99278E-05
9.99459E-05 0.329693 0.567805 0.0992418 9.99459E-05 0.00265983 9.99459E-05 9.99459E-05 9.99459E-05 9.99459E-05
0.00831949 0.234591 0.571258 0.0578487 9.9973E-05 0.113605 0.00401785 9.9973E-05 0.0100599 9.9973E-05
9.99369E-05 9.99369E-05 9.99369E-05 0.223407 0.0688326 9.99369E-05 9.99369E-05 9.99369E-05 9.99369E-05 0.707061
9.99459E-05 0.165978 9.99459E-05 0.698008 0.13302 9.99459E-05 9.99459E-05 9.99459E-05 9.99459E-05 0.00239443
9.9937E-05 9.9937E-05 9.9937E-05 9.9937E-05 0.89639 9.9937E-05 9.9937E-05 0.0147044 9.9937E-05 0.088206
0.108 0.0240113 9.9955E-05 0.0835443 9.9955E-05 9.9955E-05 9.9955E-05 9.9955E-05 0.749988 0.0339567
0.049824 9.99279E-05 9.99279E-05 0.949377 9.99279E-05 9.99279E-05 9.99279E-05 9.99279E-05 9.99279E-05 9.99279E-05
0.00926998 0.528381 9.9964E-05 9.9964E-05 0.0398422 9.9964E-05 0.00175458 9.9964E-05 0.346465 0.0738872
0.145683 0.815845 9.9946E-05 9.9946E-05 9.9946E-05 9.9946E-05 9.9946E-05 9.9946E-05 0.0116874 0.0261847
0.000423503 0.304941 0.592055 0.0546358 0.0265255 0.0210195 9.9964E-05 9.9964E-05 9.9964E-05 9.9964E-05
9.99459E-05 0.420603 9.99459E-05 0.456593 9.99459E-05 0.113837 9.99459E-05 0.00836774 9.99459E-05 9.99459E-05
9.9955E-05 0.595846 0.302254 9.9955E-05 0.0459875 0.0534842 9.9955E-05 9.9955E-05 0.0019286 9.9955E-05
9.99459E-05 0.513312 0.0766173 0.31426 0.0952114 9.99459E-05 9.99459E-05 9.99459E-05 9.99459E-05 9.99459E-05
0.168263 0.142729 9.9964E-05 0.462736 9.9964E-05 0.0824961 9.9964E-05 9.9964E-05 0.075411 0.0679652
0.0338423 9.997E-05 0.0196673 9.997E-05 9.997E-05 0.685677 0.0207272 0.12585 0.10264 0.0112967
0.0140183 0.775779 0.0734019 0.0503263 0.0540534 0.00158004 0.0110028 0.00136657 9.9991E-05 0.0183721
9.9955E-05 0.629357 0.127406 0.166238 0.0394775 9.9955E-05 9.9955E-05 9.9955E-05 9.9955E-05 0.0370212
0.188394 9.9955E-05 9.9955E-05 9.9955E-05 9.9955E-05 0.578754 0.0314853 0.143982 0.0568859 9.9955E-05
0.221395 9.99369E-05 9.99369E-05 9.99369E-05 9.99369E-05 0.538355 9.99369E-05 0.239551 9.99369E-05 9.99369E-05
9.9946E-05 9.9946E-05 9.9946E-05 9.9946E-05 9.9946E-05 0.33645 0.00978735 0.120983 0.53218 9.9946E-05
9.9964E-05 0.0878773 9.9964E-05 9.9964E-05 0.00401302 0.666827 0.0144637 0.0318321 0.194587 9.9964E-05
0.119142 9.9955E-05 9.9955E-05 9.9955E-05 9.9955E-05 0.51404 0.0315661 0.32984 0.00491255 9.9955E-05
0.00167023 0.0961356 0.018115 0.0181564 9.9982E-05 0.529391 0.0157951 0.000444866 0.320092 9.9982E-05
9.99369E-05 9.99369E-05 9.99369E-05 9.99369E-05 9.99369E-05 0.123256 9.99369E-05 0.105456 0.770589 9.99369E-05
0.0243415 9.9946E-05 9.9946E-05 9.9946E-05 9.9946E-05 0.708616 0.030935 0.235508 9.9946E-05 9.9946E-05
9.9946E-05 9.9946E-05 9.9946E-05 9.9946E-05 9.9946E-05 0.816476 0.0372278 0.139606 9.9946E-05 0.00609047
0.00669226 9.9973E-05 0.0793497 9.9973E-05 0.00835376 0.790646 0.0178597 0.0466103 0.0501879 9.9973E-05
0.0511977 0.00466108 0.0581936 0.00275142 9.9982E-05 0.62267 0.0185287 9.9982E-05 0.238607 0.0031915
9.9964E-05 0.0337041 0.0227052 9.9964E-05 0.0213859 0.849498 0.0399768 0.0323302 9.9964E-05 9.9964E-05
0.0910952 9.9946E-05 9.9946E-05 9.9946E-05 9.9946E-05 0.225406 9.9946E-05 0.116733 0.566167 9.9946E-05
9.9973E-05 9.9973E-05 0.0448912 0.00386397 0.00502772 0.899719 0.0342816 0.000674909 9.9973E-05 0.0112419
9.997E-05 0.0985381 0.0438632 9.997E-05 0.0298258 0.723989 0.0156168 9.997E-05 0.0816334 0.00623384
0.63656 9.99279E-05 9.99279E-05 9.99279E-05 9.99279E-05 9.99279E-05 9.99279E-05 0.362641 9.99279E-05 9.99279E-05
0.414988 0.011136 9.99639E-05 0.0172704 9.99639E-05 0.0645511 0.0109002 0.480755 9.99639E-05 9.99639E-05
0.301541 9.99369E-05 9.99369E-05 9.99369E-05 9.99369E-05 9.99369E-05 0.00344148 0.694318 9.99369E-05 9.99369E-05
9.9946E-05 9.9946E-05 9.9946E-05 9.9946E-05 0.00833141 0.713007 0.020893 0.257169 9.9946E-05 9.9946E-05
0.822965 9.99279E-05 9.99279E-05 9.99279E-05 9.99279E-05 0.176236 9.99279E-05 9.99279E-05 9.99279E-05 9.99279E-05
9.99549E-05 0.00775627 0.00314185 9.99549E-05 9.99549E-05 0.108728 9.99549E-05 0.743438 0.136436 9.99549E-05
9.9946E-05 9.9946E-05 9.9946E-05 9.9946E-05 0.00408953 0.490647 0.019725 0.484939 9.9946E-05 9.9946E-05
0.0808961 0.0469593 9.9982E-05 9.9982E-05 0.0108765 0.750767 0.0161176 0.055188 0.0359679 0.00302799
9.99279E-05 9.99279E-05 0.0416098 9.99279E-05 9.99279E-05 9.99279E-05 9.99279E-05 9.99279E-05 0.957591 9.99279E-05
0.0318184 0.193155 0.107396 0.0130105 0.0116048 0.41749 0.0187614 0.0247777 0.181886 9.9991E-05
9.9964E-05 0.0867513 0.0834944 0.042285 0.0202526 0.747582 0.0192349 9.9964E-05 9.9964E-05 9.9964E-05
9.99201E-05 9.99201E-05 9.99201E-05 9.99201E-05 9.99201E-05 9.99201E-05 9.99201E-05 0.999101 9.99201E-05 9.99201E-05
9.99369E-05 9.99369E-05 0.0744273 9.99369E-05 0.00151834 9.99369E-05 9.99369E-05 9.99369E-05 0.923355 9.99369E-05
0.0482852 0.481975 0.136364 9.9973E-05 0.00338348 0.164696 9.9973E-05 0.0349984 0.129998 9.9973E-05
0.00942537 0.641105 0.11855 0.0786491 9.9955E-05 9.9955E-05 9.9955E-05 9.9955E-05 0.151771 9.9955E-05
9.996E-05 0.592437 0.221943 9.996E-05 0.0169066 0.138119 9.996E-05 0.0149253 0.0152688 9.996E-05
9.9973E-05 0.209796 0.0447298 9.9973E-05 0.0403289 0.391245 0.0115177 0.0200388 0.282044 9.9973E-05
0.0317462 0.0845029 9.9973E-05 9.9973E-05 0.01013 0.813874 0.00621077 0.00873996 0.0444965 9.9973E-05
9.9955E-05 0.00707024 0.0803322 9.9955E-05 9.9955E-05 0.691805 9.9955E-05 9.9955E-05 0.215553 0.00473988
0.015395 0.0334141 0.0397679 9.9973E-05 0.00714882 0.540507 0.022662 9.9973E-05 0.340806 9.9973E-05
9.9955E-05 0.0704886 0.0422626 0.00856642 9.9955E-05 0.852652 0.0255305 9.9955E-05 9.9955E-05 9.9955E-05
0.0644281 0.0427931 9.9955E-05 9.9955E-05 9.9955E-05 0.549357 0.00675073 9.9955E-05 0.336171 9.9955E-05
9.9946E-05 0.565005 0.36008 0.0214211 9.9946E-05 9.9946E-05 9.9946E-05 9.9946E-05 0.0528936 9.9946E-05
9.99459E-05 0.471677 0.175767 0.331281 0.0206757 9.99459E-05 9.99459E-05 9.99459E-05 9.99459E-05 9.99459E-05
9.99459E-05 0.354312 0.310834 0.333396 0.000858982 9.99459E-05 9.99459E-05 9.99459E-05 9.99459E-05 9.99459E-05
9.9955E-05 0.576691 0.348857 0.0282704 0.0434023 0.00227976 9.9955E-05 9.9955E-05 9.9955E-05 9.9955E-05
0.00375941 0.502177 0.403541 0.0132835 0.0595483 0.00787363 9.997E-05 9.997E-05 0.00951721 9.997E-05
9.99459E-05 0.523286 0.262548 0.184338 0.0292283 9.99459E-05 9.99459E-05 9.99459E-05 9.99459E-05 9.99459E-05
0.00679012 0.64589 0.279631 0.0333703 0.0338185 9.9955E-05 9.9955E-05 9.9955E-05 9.9955E-05 9.9955E-05
9.99459E-05 0.409386 0.313891 0.273967 9.99459E-05 9.99459E-05 9.99459E-05 9.99459E-05 0.00215644 9.99459E-05
9.99369E-05 0.235854 0.108103 0.655343 9.99369E-05 9.99369E-05 9.99369E-05 9.99369E-05 9.99369E-05 9.99369E-05
9.99459E-05 0.450717 0.388529 0.106636 0.0535185 9.99459E-05 9.99459E-05 9.99459E-05 9.99459E-05 9.99459E-05
9.9937E-05 0.545413 0.424147 9.9937E-05 0.0297402 9.9937E-05 9.9937E-05 9.9937E-05 9.9937E-05 9.9937E-05
9.9964E-05 0.470626 0.433762 0.0495649 9.9964E-05 0.0052073 9.9964E-05 0.0122303 0.0282092 9.9964E-05
0.0851498 0.0602374 9.9964E-05 9.9964E-05 9.9964E-05 0.554554 0.0136871 0.070041 0.215931 9.9964E-05
0.526229 9.9946E-05 9.9946E-05 9.9946E-05 9.9946E-05 0.419778 0.0200489 9.9946E-05 0.0333447 9.9946E-05
0.0351904 9.9973E-05 0.00854614 9.9973E-05 0.0235906 0.395387 0.00287715 0.00175993 0.532349 9.9973E-05
9.99201E-05 9.99201E-05 9.99201E-05 9.99201E-05 9.99201E-05 9.99201E-05 0.999101 9.99201E-05 9.99201E-05 9.99201E-05
0.14203 9.9964E-05 9.9964E-05 0.00114782 0.0100208 0.513375 0.0413561 9.9964E-05 0.29167 9.9964E-05
9.995E-05 0.0828936 0.0490987 9.995E-05 9.995E-05 0.234215 0.536741 9.995E-05 0.0965517 9.995E-05
0.929303 0.067257 9.99459E-05 0.00177787 0.0010626 9.99459E-05 9.99459E-05 9.99459E-05 9.99459E-05 9.99459E-05
0.703719 9.99459E-05 9.99459E-05 9.99459E-05 9.99459E-05 0.169694 0.0439907 9.99459E-05 0.0819959 9.99459E-05
9.99201E-05 9.99201E-05 9.99201E-05 9.99201E-05 9.99201E-05 9.99201E-05 0.999101 9.99201E-05 9.99201E-05 9.99201E-05
0.847101 0.109335 9.99459E-05 9.99459E-05 0.0110926 9.99459E-05 0.031872 9.99459E-05 9.99459E-05 9.99459E-05
0.25027 0.0314979 9.9955E-05 9.9955E-05 9.9955E-05 0.607712 0.0293984 9.9955E-05 0.0806222 9.9955E-05
0.231554 9.9955E-05 9.9955E-05 9.9955E-05 9.9955E-05 0.114847 0.0947857 0.00963049 0.548683 9.9955E-05
