0.406804 0.466738 0.0930608 9.9991E-05 0.00721913 0.0260775
0.103336 0.750818 0.0156594 0.0365701 0.0108223 0.0827945
0.0992702 0.62804 0.0360789 9.9991E-05 0.0567015 0.179809
9.999E-05 0.685716 0.227983 0.0106313 0.0481198 0.02745
0.102179 0.642399 0.0203198 0.0435479 0.0443903 0.147164
0.187722 0.740491 0.0525368 9.9982E-05 0.0190503 9.9982E-05
0.151143 0.802 0.00208171 0.018609 0.0260672 9.9991E-05
0.328 0.0998475 9.9991E-05 0.0146418 0.00172604 0.555685
0.379144 0.177352 0.0263695 9.9982E-05 9.9982E-05 0.416935
0.0944216 9.9982E-05 9.9982E-05 0.232963 0.00626866 0.666146
0.341617 0.0438806 9.9982E-05 0.0222721 9.9982E-05 0.592031
0.293153 0.0604069 0.000779956 0.073132 0.0182167 0.554311
0.332655 0.0780673 0.0159361 9.9982E-05 9.9982E-05 0.573141
0.244424 9.9973E-05 9.9973E-05 0.123478 9.9973E-05 0.631798
0.517432 9.9991E-05 0.00846776 0.020779 0.00271859 0.450503
0.639232 0.0846406 0.0285835 9.9982E-05 9.9982E-05 0.247344
0.389335 9.99729E-05 9.99729E-05 0.282079 9.99729E-05 0.328286
0.398359 0.132521 9.9991E-05 0.0471601 0.0039706 0.417889
0.445953 9.9973E-05 9.9973E-05 0.17581 9.9973E-05 0.377937
0.515609 0.154485 0.0625505 9.9982E-05 9.9982E-05 0.267156
0.688661 0.0240718 9.9991E-05 0.070629 0.00614841 0.210389
0.716481 0.0236389 0.0339404 9.9991E-05 0.016847 0.208993
0.552791 0.0359751 9.9982E-05 0.0837797 9.9982E-05 0.327254
0.802299 0.0570808 0.0170644 0.0500323 9.9991E-05 0.0734233
0.947473 9.9973E-05 9.9973E-05 9.9973E-05 0.0396525 0.0125745
0.904766 9.9982E-05 0.0112504 0.0267337 9.9982E-05 0.0570498
0.561713 0.0481053 0.0147223 0.0579355 9.9991E-05 0.317423
0.545735 9.99729E-05 9.99729E-05 0.251354 9.99729E-05 0.202611
0.543593 0.181979 0.0251083 9.9991E-05 0.0158884 0.233331
0.0353061 0.867977 0.0165541 0.0345522 0.00551768 0.0400932
0.0287043 0.791024 0.0987 0.00463862 0.00230469 0.0746283
0.0863882 0.760382 0.0372631 0.046286 0.00323363 0.0664472
0.658971 0.174681 0.0968872 9.9991E-05 0.00949463 0.0598658
0.128777 0.685948 0.0584147 0.0355358 9.9991E-05 0.0912252
0.726957 0.0978522 9.9973E-05 0.174891 9.9973E-05 9.9973E-05
0.627302 0.14448 0.0686351 9.9982E-05 9.9982E-05 0.159383
9.996E-05 9.996E-05 9.996E-05 9.996E-05 0.9995 9.996E-05
0.654269 0.0368729 0.0163059 9.9991E-05 0.0320532 0.260399
0.501382 0.119303 0.0268528 0.00930127 0.00477553 0.338385
0.757721 0.154643 0.0561668 9.9991E-05 0.00160465 0.0297643
0.571491 0.18695 0.117672 9.9991E-05 0.00495668 0.11883
0.102105 0.736929 0.121537 9.9991E-05 0.00445205 0.0348767
0.0946523 0.781298 0.0224696 0.0224198 0.0121643 0.0669965
9.9964E-05 0.116066 9.9964E-05 9.9964E-05 9.9964E-05 0.883534
0.0157406 0.0478452 9.9982E-05 9.9982E-05 0.00170789 0.934506
9.9991E-05 0.0159459 0.0190223 0.0478584 0.0214559 0.895617
0.39809 0.0265852 0.0223491 9.9982E-05 9.9982E-05 0.552775
0.0506291 0.153582 0.0102634 9.9982E-05 9.9982E-05 0.785325
0.422321 0.00985364 0.0178213 9.9982E-05 9.9982E-05 0.549804
0.153629 0.0505934 9.9982E-05 0.0124931 9.9982E-05 0.783085
9.9982E-05 0.00821699 9.9982E-05 0.0324362 0.00938768 0.949759
0.160775 0.108287 0.0138375 9.9982E-05 9.9982E-05 0.7169
9.9964E-05 0.0730671 9.9964E-05 9.9964E-05 9.9964E-05 0.926533
9.9982E-05 0.00391184 0.00957653 0.0288598 9.9982E-05 0.957452
9.9973E-05 0.399758 0.595008 9.9973E-05 0.00493471 9.9973E-05
0.0325199 0.1917 0.738274 9.9982E-05 0.0373059 9.9982E-05
9.9982E-05 0.398752 0.574959 9.9982E-05 0.0146437 0.011446
9.9982E-05 0.688742 0.275065 9.9982E-05 0.0105263 0.0254667
0.0572962 0.6118 0.300008 9.9982E-05 0.030696 9.9982E-05
0.0351006 9.9991E-05 0.869667 0.0356865 0.0376479 0.0217984
9.9973E-05 0.677419 0.296643 9.9973E-05 0.025638 9.9973E-05
9.9982E-05 0.780312 0.14414 0.00437838 0.0709696 9.9982E-05
0.175061 0.502594 0.0851657 0.0881458 0.012888 0.136146
9.9973E-05 0.441708 0.524806 9.9973E-05 0.0331868 9.9973E-05
0.0990901 0.824929 0.0476963 0.00170618 0.0035705 0.0230076
0.000643966 0.829617 0.105455 0.00659844 0.00996978 0.0477158
0.0442099 0.758237 0.171874 0.0112579 0.0143219 9.9991E-05
0.00992587 0.765659 0.19516 0.0258647 0.00245131 0.000939418
0.0628318 0.786062 0.135786 9.9982E-05 0.0151207 9.9982E-05
9.9964E-05 0.636278 0.363323 9.9964E-05 9.9964E-05 9.9964E-05
0.0404023 0.673454 0.285844 9.9973E-05 9.9973E-05 9.9973E-05
9.9973E-05 0.52278 0.47601 9.9973E-05 0.000910104 9.9973E-05
9.9964E-05 0.449232 0.550369 9.9964E-05 9.9964E-05 9.9964E-05
9.9982E-05 0.713365 0.217564 9.9982E-05 0.0276904 0.0411813
9.9982E-05 0.458403 0.530665 9.9982E-05 0.00985975 0.000871841
9.9973E-05 0.327246 0.67132 9.9973E-05 0.00113388 9.9973E-05
0.157495 0.755177 0.0624106 0.0188998 9.9991E-05 0.00591691
9.9973E-05 0.856564 0.118083 9.9973E-05 0.0250526 9.9973E-05
9.9973E-05 0.572985 0.381194 9.9973E-05 0.0455206 9.9973E-05
9.9982E-05 0.792309 0.121889 9.9982E-05 0.0390571 0.0465453
9.9982E-05 0.808334 0.144676 9.9982E-05 0.0382721 0.00851821
0.133224 0.765079 0.0715387 0.00935879 0.00499831 0.015801
9.9973E-05 0.808134 0.147589 9.9973E-05 0.0439771 9.9973E-05
0.00814606 0.818162 0.129526 9.9982E-05 0.0439661 9.9982E-05
9.9991E-05 0.819872 0.107605 0.00085523 0.0204555 0.0511129
9.99639E-05 9.99639E-05 9.99639E-05 0.580721 9.99639E-05 0.41888
9.99639E-05 9.99639E-05 9.99639E-05 0.470405 9.99639E-05 0.529195
9.99639E-05 9.99639E-05 9.99639E-05 0.550176 9.99639E-05 0.449425
9.99639E-05 9.99639E-05 9.99639E-05 0.490171 9.99639E-05 0.50943
0.165222 0.00735966 9.9982E-05 0.298307 9.9982E-05 0.528912
9.99639E-05 9.99639E-05 9.99639E-05 0.378262 9.99639E-05 0.621338
9.99639E-05 9.99639E-05 9.99639E-05 0.00295235 9.99639E-05 0.996648
0.000554122 0.633481 0.358973 9.9991E-05 0.00646159 0.000430597
9.9973E-05 0.331839 0.657554 9.9973E-05 0.0103067 9.9973E-05
9.9973E-05 0.623969 0.360428 9.9973E-05 0.015303 9.9973E-05
0.000115928 0.745512 0.254073 9.9973E-05 9.9973E-05 9.9973E-05
9.9973E-05 0.690901 0.30746 9.9973E-05 0.00133937 9.9973E-05
9.9982E-05 0.836635 0.0944783 0.019777 9.9982E-05 0.0489096
9.9964E-05 0.668986 0.330615 9.9964E-05 9.9964E-05 9.9964E-05
9.9982E-05 0.858169 0.0615257 0.0202903 9.9982E-05 0.0598155
9.9973E-05 0.529561 0.450307 9.9973E-05 0.0198319 9.9973E-05
0.00709957 0.620608 0.371993 9.9973E-05 9.9973E-05 9.9973E-05
0.0692817 0.0133613 9.9982E-05 0.689264 9.9982E-05 0.227893
0.656237 9.9973E-05 9.9973E-05 0.294557 9.9973E-05 0.0489055
0.470528 9.9973E-05 9.9973E-05 0.151324 9.9973E-05 0.377848
0.568181 0.0175567 0.000891039 0.144675 9.9991E-05 0.268596
0.722604 9.9973E-05 0.015341 0.261755 9.9973E-05 9.9973E-05
0.753939 9.9964E-05 9.9964E-05 0.245661 9.9964E-05 9.9964E-05
9.9964E-05 9.9964E-05 0.0229687 0.976631 9.9964E-05 9.9964E-05
0.0544403 0.538054 0.375068 0.0104004 0.0219375 9.9991E-05
0.657833 0.0370026 0.00519806 0.204039 9.9991E-05 0.0958275
0.585826 9.99729E-05 9.99729E-05 9.99729E-05 0.214274 0.199601
0.423235 9.9973E-05 9.9973E-05 0.484547 9.9973E-05 0.0919186
0.595904 9.9964E-05 9.9964E-05 0.403696 9.9964E-05 9.9964E-05
0.681826 0.0407873 9.9982E-05 0.253204 0.0239829 9.9982E-05
0.0754892 0.0309068 9.9982E-05 0.891035 0.00236878 9.9982E-05
0.101705 9.9982E-05 0.00939756 0.864401 0.0242967 9.9982E-05
0.7893 9.9973E-05 9.9973E-05 0.200925 0.00947465 9.9973E-05
0.429738 9.9982E-05 9.9982E-05 0.423941 0.0117904 0.134331
9.9973E-05 0.0116264 9.9973E-05 0.91468 9.9973E-05 0.0733941
0.238178 9.99729E-05 9.99729E-05 0.35542 9.99729E-05 0.406102
9.9973E-05 9.9973E-05 9.9973E-05 0.955147 0.00423457 0.040318
0.0516215 9.9973E-05 9.9973E-05 0.39585 9.9973E-05 0.552228
9.99639E-05 9.99639E-05 9.99639E-05 0.741862 9.99639E-05 0.257738
0.427614 9.9973E-05 9.9973E-05 0.100497 9.9973E-05 0.471589
0.373312 0.0733431 0.0422167 0.0127236 9.9991E-05 0.498304
9.99639E-05 9.99639E-05 9.99639E-05 0.290537 0.709063 9.99639E-05
0.208645 9.9973E-05 9.9973E-05 0.775186 0.0158688 9.9973E-05
9.9973E-05 9.9973E-05 0.0726446 0.839674 0.0873819 9.9973E-05
0.0470278 0.707083 0.0496557 0.0812238 0.088033 0.0269765
0.011105 9.9982E-05 0.0612337 0.911099 0.0163626 9.9982E-05
0.575329 0.301288 9.9973E-05 9.9973E-05 0.123083 9.9973E-05
0.725398 0.141444 0.0455198 0.0197809 0.0551117 0.012745
0.394573 0.019672 9.9982E-05 0.0715567 9.9982E-05 0.513998
0.541214 0.0688889 0.0270755 0.340429 0.0222925 9.9991E-05
0.761955 0.0280135 0.0205215 0.0123426 9.9991E-05 0.177068
0.592456 9.9973E-05 9.9973E-05 0.400331 9.9973E-05 0.00691271
0.349839 0.146164 0.0850261 0.260119 0.158752 9.9991E-05
9.9982E-05 0.794125 0.1495 9.9982E-05 0.0353472 0.0208272
0.837084 9.9982E-05 0.040934 0.109644 0.0121373 9.9982E-05
0.61522 9.9982E-05 9.9982E-05 0.184437 0.0578787 0.142265
9.9964E-05 0.660523 0.339077 9.9964E-05 9.9964E-05 9.9964E-05
9.9973E-05 0.580481 0.413428 9.9973E-05 0.00579107 9.9973E-05
9.9991E-05 0.814496 0.150047 0.0051533 0.00405937 0.0261449
0.10734 0.782475 0.0992608 9.9982E-05 9.9982E-05 0.0107242
9.9973E-05 0.534111 0.459879 9.9973E-05 0.00571068 9.9973E-05
0.135842 0.782781 0.0517677 0.0294091 9.9982E-05 9.9982E-05
0.000668861 0.839245 0.107527 9.9992E-05 0.00956316 0.0428965
9.9964E-05 0.703595 0.296005 9.9964E-05 9.9964E-05 9.9964E-05
0.00368477 0.760062 0.235953 9.9973E-05 9.9973E-05 9.9973E-05
0.00568284 0.831255 0.0727025 0.031753 9.9991E-05 0.0585071
0.0118373 0.856273 0.0519553 0.0083679 0.0238542 0.0477124
0.0989744 0.770382 0.130343 9.9973E-05 9.9973E-05 9.9973E-05
9.9982E-05 0.798416 0.159886 9.9982E-05 0.0285726 0.0129253
9.9973E-05 0.843805 0.0904071 9.9973E-05 9.9973E-05 0.0654879
0.160964 0.746146 0.0524623 0.01117 0.00611029 0.0231479
9.9964E-05 9.9964E-05 0.972443 9.9964E-05 0.0271567 9.9964E-05
0.0139184 0.189995 0.74861 0.0111462 0.0362304 9.9991E-05
9.996E-05 9.996E-05 0.9995 9.996E-05 9.996E-05 9.996E-05
9.9982E-05 0.716873 0.26503 0.017304 9.9982E-05 0.000593366
9.9973E-05 0.436385 0.553303 9.9973E-05 0.0100121 9.9973E-05
9.9973E-05 0.360074 0.588452 9.9973E-05 0.0511738 9.9973E-05
9.9982E-05 0.499508 0.480905 0.0101929 0.00919406 9.9982E-05
0.0557913 0.766956 0.162385 9.9991E-05 0.00620211 0.00856598
0.000634247 0.869836 9.9991E-05 0.0361728 0.00206941 0.0911875
0.167186 0.612173 0.0626787 0.0483473 0.00561851 0.103996
0.200851 0.675471 0.0596132 0.0320271 9.9991E-05 0.0319368
9.9964E-05 9.9964E-05 0.961041 9.9964E-05 0.0385594 9.9964E-05
0.117344 0.796419 9.9991E-05 0.0232044 0.0113776 0.0515552
0.50747 0.290784 0.0763605 9.9991E-05 0.00898085 0.116305
0.587699 0.169138 9.9982E-05 0.113628 9.9982E-05 0.129335
0.732305 0.130805 0.0334009 9.9982E-05 9.9982E-05 0.10329
0.224159 0.618275 0.0556319 0.0443227 0.00204044 0.0555707
0.0401957 0.884634 0.0332298 0.0417404 9.9982E-05 9.9982E-05
9.9982E-05 0.887827 9.9982E-05 0.000417398 0.0179308 0.0936245
9.9991E-05 0.852445 0.0447929 0.00894549 0.00413989 0.0895766
0.136094 0.78018 0.0831767 0.000349405 9.9982E-05 9.9982E-05
0.0590751 0.87758 0.0458899 0.0048864 0.0122207 0.000347917
0.751812 0.0346729 9.9982E-05 0.00570521 9.9982E-05 0.207609
0.655519 9.9973E-05 9.9973E-05 0.315854 9.9973E-05 0.0283277
0.51368 9.9973E-05 9.9973E-05 0.306645 9.9973E-05 0.179374
0.726825 9.9973E-05 9.9973E-05 0.0598025 9.9973E-05 0.213073
0.551489 0.0311263 9.9991E-05 0.0721838 0.00257442 0.342526
0.67735 9.9973E-05 9.9973E-05 0.192109 9.9973E-05 0.130242
0.795578 0.0124604 9.9982E-05 0.0535504 9.9982E-05 0.138211
0.537428 9.9973E-05 9.9973E-05 0.234608 9.9973E-05 0.227664
0.425009 9.9964E-05 9.9964E-05 0.574591 9.9964E-05 9.9964E-05
0.61285 9.9973E-05 9.9973E-05 0.137375 9.9973E-05 0.249475
0.70588 9.9982E-05 9.9982E-05 0.00721823 0.00157286 0.285129
0.660979 9.9982E-05 0.0179997 0.0266415 9.9982E-05 0.29418
0.052763 0.774457 0.141029 9.9991E-05 0.0062347 0.0254171
9.9973E-05 0.609456 0.370973 9.9973E-05 0.0192707 9.9973E-05
0.00483664 0.857601 0.059518 0.0334495 9.9991E-05 0.0444946
0.0570496 0.0125432 0.930107 9.99729E-05 9.99729E-05 9.99729E-05
9.9973E-05 0.799978 0.163484 0.0362379 9.9973E-05 9.9973E-05
0.159376 0.437941 0.402383 9.99729E-05 9.99729E-05 9.99729E-05
0.0450041 0.28819 0.582472 0.0111379 0.073096 9.9991E-05
9.9973E-05 0.454027 0.534645 9.9973E-05 0.0110282 9.9973E-05
9.996E-05 9.996E-05 0.9995 9.996E-05 9.996E-05 9.996E-05
9.9982E-05 0.413329 0.458465 0.0550184 0.0729873 9.9982E-05
0.0223172 0.780189 0.185573 0.0100275 0.0017932 9.9991E-05
0.000312777 0.703142 0.275814 9.9982E-05 0.0205312 9.9982E-05
