0.624908 0.292709 0.0823829
0.762746 0.144375 0.0928792
0.666179 0.216783 0.117038
0.730534 0.00623345 0.263233
0.652449 0.235119 0.112432
0.784819 0.103874 0.111307
0.783599 0.11734 0.0990603
0.272298 0.727602 9.9991E-05
0.379089 0.620811 9.9991E-05
0.111718 0.888182 9.9991E-05
0.229325 0.770575 9.9991E-05
0.228649 0.771251 9.9991E-05
0.275063 0.724837 9.9991E-05
0.137257 0.862643 9.9991E-05
0.207954 0.791946 9.9991E-05
0.326714 0.673186 9.9991E-05
0.117837 0.882063 9.9991E-05
0.313492 0.686408 9.9991E-05
0.162442 0.837458 9.9991E-05
0.417844 0.582056 9.9991E-05
0.243563 0.756337 9.9991E-05
0.293808 0.706092 9.9991E-05
0.231312 0.768588 9.9991E-05
0.299999 0.699901 9.9991E-05
0.268632 0.731268 9.9991E-05
0.264512 0.735388 9.9991E-05
0.268278 0.731622 9.9991E-05
0.117424 0.882476 9.9991E-05
0.406155 0.593745 9.9991E-05
0.834301 0.0573167 0.108382
0.832295 0.0341729 0.133532
0.769677 0.126719 0.103604
0.450696 0.510775 0.0385289
0.738301 0.166841 0.0948584
0.283203 0.708429 0.00836761
0.41725 0.577804 0.0049463
9.9991E-05 0.253061 0.746839
0.292344 0.707556 9.9991E-05
0.335396 0.664504 9.9991E-05
0.434337 0.565563 9.9991E-05
0.454687 0.488357 0.0569559
0.793173 0.0566529 0.150174
0.792019 0.104281 0.1037
0.267164 0.732736 9.9991E-05
0.201791 0.798109 9.9991E-05
0.180404 0.819496 9.9991E-05
0.246845 0.753055 9.9991E-05
0.305258 0.694642 9.9991E-05
0.242096 0.757804 9.9991E-05
0.214102 0.785798 9.9991E-05
0.158676 0.841224 9.9991E-05
0.281592 0.718308 9.9991E-05
0.239831 0.760069 9.9991E-05
0.155126 0.844774 9.9991E-05
0.565174 9.9991E-05 0.434726
0.461611 9.9991E-05 0.538289
0.58467 9.9991E-05 0.41523
0.741164 9.9991E-05 0.258736
0.714477 9.9991E-05 0.285423
0.388832 0.00515774 0.60601
0.71681 9.9991E-05 0.28309
0.74969 9.9991E-05 0.25021
0.573202 0.310567 0.116231
0.583922 9.9991E-05 0.415978
0.834999 0.0521526 0.112848
0.842111 0.000367842 0.157521
0.801879 9.9991E-05 0.198021
0.779924 9.9991E-05 0.219976
0.830983 9.9991E-05 0.168917
0.693993 9.9991E-05 0.305907
0.757829 9.9991E-05 0.242071
0.648141 9.9991E-05 0.351759
0.59915 9.9991E-05 0.40075
0.772371 9.9991E-05 0.227529
0.607459 9.9991E-05 0.392441
0.542638 9.9991E-05 0.457262
0.801141 0.099056 0.0998033
0.808049 9.9991E-05 0.191851
0.637563 9.9991E-05 0.362337
0.805685 0.000507295 0.193808
0.788989 9.9991E-05 0.210911
0.80163 0.0886831 0.109686
0.781472 9.9991E-05 0.218428
0.792026 9.9991E-05 0.207874
0.830259 0.00301511 0.166726
9.9991E-05 0.959494 0.0404063
9.9991E-05 0.964578 0.0353216
9.9991E-05 0.981748 0.0181522
9.9991E-05 0.982658 0.0172423
0.115955 0.883945 9.9991E-05
0.0369364 0.944032 0.0190315
0.092728 0.907172 9.9991E-05
0.703463 9.9991E-05 0.296437
0.529071 9.9991E-05 0.470829
0.689474 9.9991E-05 0.310426
0.768253 9.9991E-05 0.231647
0.734356 9.9991E-05 0.265544
0.843172 0.01745 0.139378
0.71696 9.9991E-05 0.28294
0.834372 0.0311781 0.13445
0.618973 9.9991E-05 0.380927
0.704483 9.9991E-05 0.295417
9.9991E-05 0.93097 0.0689297
0.133541 0.856007 0.0104526
0.162402 0.837498 9.9991E-05
0.2152 0.7847 9.9991E-05
0.162686 0.807633 0.029681
0.165141 0.834759 9.9991E-05
9.9991E-05 0.865856 0.134044
0.678539 9.9991E-05 0.321362
0.222024 0.777876 9.9991E-05
0.216667 0.721056 0.0622768
0.0376592 0.907335 0.0550062
0.0823187 0.848591 0.0690899
0.195235 0.773522 0.0312434
9.9991E-05 0.880204 0.119696
9.9991E-05 0.867868 0.132032
0.182735 0.807284 0.00998092
0.047168 0.882176 0.0706562
9.9991E-05 0.904204 0.0956962
0.0514781 0.942738 0.00578433
9.9991E-05 0.912354 0.0875463
0.0413047 0.93573 0.0229651
9.9991E-05 0.945292 0.0546082
0.177098 0.822802 9.9991E-05
0.29675 0.70315 9.9991E-05
9.9991E-05 0.505393 0.494507
9.9991E-05 0.891231 0.108669
9.9991E-05 0.75264 0.24726
0.640332 0.154215 0.205453
9.9991E-05 0.827137 0.172763
0.425979 0.468221 0.1058
0.366936 0.58282 0.0502446
0.197639 0.802261 9.9991E-05
0.162144 0.749859 0.0879968
0.281145 0.718755 9.9991E-05
0.102011 0.871027 0.0269614
0.135989 0.591038 0.272973
0.791686 9.9991E-05 0.208214
0.247173 0.733776 0.0190503
0.15784 0.808229 0.0339308
0.718815 9.9991E-05 0.281085
0.667761 9.9991E-05 0.332139
0.814033 9.9991E-05 0.185867
0.838941 0.0388031 0.122256
0.648034 9.9991E-05 0.351866
0.797285 0.0945113 0.108204
0.841219 9.9991E-05 0.158681
0.737573 9.9991E-05 0.262327
0.7686 9.9991E-05 0.2313
0.828279 0.0363447 0.135376
0.828825 0.0305414 0.140634
0.82978 0.0176492 0.152571
0.785956 9.9991E-05 0.213944
0.844517 0.0108554 0.144628
0.782449 0.115132 0.102418
0.308265 9.9991E-05 0.691635
0.461718 9.9991E-05 0.538182
0.37886 9.9991E-05 0.62104
0.743101 9.9991E-05 0.256799
0.580144 9.9991E-05 0.419756
0.547189 9.9991E-05 0.452711
0.620746 9.9991E-05 0.379154
0.820732 9.9991E-05 0.179169
0.813443 0.0895561 0.0970006
0.666183 0.230412 0.103405
0.737694 0.167857 0.0944493
0.338947 9.9991E-05 0.660953
0.803755 0.119113 0.0771319
0.510237 0.445365 0.0443979
0.35723 0.64267 9.9991E-05
0.394571 0.605329 9.9991E-05
0.69168 0.225265 0.083055
0.843631 0.029143 0.127226
0.855966 0.0561478 0.0878861
0.851292 0.0424985 0.10621
0.845113 0.0547679 0.100119
0.871113 0.0063295 0.122558
0.266255 0.733645 9.9991E-05
0.120644 0.879256 9.9991E-05
0.0965157 0.899023 0.00446118
0.220609 0.779291 9.9991E-05
0.229581 0.770319 9.9991E-05
0.178236 0.821664 9.9991E-05
0.246464 0.753436 9.9991E-05
0.150931 0.848969 9.9991E-05
9.9991E-05 0.924269 0.0756314
0.179596 0.820304 9.9991E-05
0.216117 0.783783 9.9991E-05
0.249043 0.750857 9.9991E-05
0.823145 0.0043038 0.172552
0.677072 9.9991E-05 0.322828
0.853266 0.0212403 0.125494
0.466274 9.9991E-05 0.533626
0.804176 9.9991E-05 0.195724
0.729872 0.0291763 0.240952
0.531893 0.00157179 0.466535
0.597099 9.9991E-05 0.402801
0.229452 9.99909E-05 0.770448
0.55764 0.0192202 0.42314
0.795894 9.9991E-05 0.204006
0.741633 9.9991E-05 0.258267
