0.0616426 0.225279 0.169117 0.523085 0.0208757
0.0295561 0.134783 0.0957442 0.71403 0.0258868
0.107618 0.146488 0.166709 0.555991 0.0231936
0.251218 0.0343688 0.0280468 0.672406 0.0139608
0.0588334 0.20004 0.101354 0.587792 0.0519802
0.0633815 0.19997 0.0114899 0.725058 9.9991E-05
0.0330378 0.206445 9.9991E-05 0.746969 0.0134485
9.999E-05 0.110417 0.767789 0.104122 0.0175717
0.0252158 0.178437 0.600104 0.196143 9.99998E-05
9.9973E-05 9.9973E-05 0.772068 9.9973E-05 0.227632
9.9991E-05 0.152928 0.77368 0.0515234 0.0217685
0.0239844 0.0657754 0.751479 0.0597418 0.0990198
9.9982E-05 0.126132 0.772559 0.101109 9.9982E-05
9.9982E-05 0.0502957 0.830737 9.9982E-05 0.118767
9.999E-05 0.330228 0.633499 0.0102031 0.02597
0.00286698 0.436308 0.447174 0.113551 9.9991E-05
9.9982E-05 0.256501 0.513508 9.9982E-05 0.229791
9.999E-05 0.247441 0.545002 0.146799 0.0606582
9.9982E-05 0.338126 0.518438 9.9982E-05 0.143237
0.0360941 0.371333 0.394496 0.197977 9.9991E-05
9.999E-05 0.502385 0.428693 0.0212316 0.0475908
0.0212437 0.530325 0.403447 0.0448839 9.9991E-05
9.999E-05 0.374496 0.520432 0.0366316 0.0683399
9.9991E-05 0.712756 0.244477 0.0371355 0.00553212
9.9973E-05 0.788093 0.211607 9.9973E-05 9.9973E-05
0.00660626 0.685485 0.307447 0.000361681 9.9991E-05
0.0110424 0.372792 0.52709 0.0538205 0.035256
9.99819E-05 0.411789 0.40031 9.99819E-05 0.187702
0.0432334 0.351224 0.438602 0.166841 9.9991E-05
0.0208086 0.108016 0.00617372 0.843348 0.0216537
0.0739405 9.9991E-05 0.0808415 0.823267 0.0218513
0.0361447 0.152983 0.0559026 0.741629 0.0133401
0.0703663 0.46584 0.248156 0.215538 9.9991E-05
0.0605084 0.203736 0.0802481 0.655407 9.9991E-05
9.9973E-05 0.962425 9.9973E-05 9.9973E-05 0.0372753
0.0221378 0.456565 0.31787 0.203327 9.9991E-05
0.564043 9.99731E-05 9.99731E-05 9.99731E-05 0.435657
0.0274083 0.521084 0.429154 0.0222539 9.9991E-05
0.0286596 0.310981 0.541697 0.115274 0.0033883
0.0297156 0.577217 0.213993 0.178975 9.9991E-05
0.0662729 0.431382 0.247804 0.254441 9.9991E-05
0.101475 0.0502411 0.0879434 0.760241 9.9991E-05
0.0453678 0.153221 0.0508615 0.742396 0.00815421
0.0210241 9.9982E-05 0.899375 0.0794006 9.9982E-05
0.0362999 9.9973E-05 0.9634 9.9973E-05 9.9973E-05
0.0362841 9.9982E-05 0.883941 9.9982E-05 0.0795749
0.00322993 0.322325 0.651283 0.0230624 9.9991E-05
0.0283437 0.0359486 0.827162 0.108446 9.9991E-05
0.0105125 0.311038 0.657284 0.0210654 9.9991E-05
0.0124005 0.0757028 0.881607 0.0212952 0.0089943
0.000278236 9.9982E-05 0.954181 9.9982E-05 0.0453403
0.0115379 0.0764513 0.798639 0.113272 9.9991E-05
0.0162891 9.9982E-05 0.941683 0.0418279 9.9982E-05
0.0087607 9.9982E-05 0.939713 9.9982E-05 0.0513263
0.507569 9.9973E-05 9.9973E-05 0.492131 9.9973E-05
0.676989 0.0442672 9.9982E-05 0.278544 9.9982E-05
0.485301 9.9982E-05 0.0037046 0.510794 9.9982E-05
0.240127 0.035442 9.9982E-05 0.724231 9.9982E-05
0.292117 0.088506 9.9982E-05 0.619177 9.9982E-05
0.805195 9.9991E-05 0.0929082 0.0974039 0.00439244
0.289742 0.0200851 9.9982E-05 0.689973 9.9982E-05
0.198472 9.9982E-05 9.9982E-05 0.76327 0.0380577
0.118454 0.224953 0.185762 0.441503 0.0293277
0.475954 9.9973E-05 9.9973E-05 0.523746 9.9973E-05
0.0471592 0.0941285 0.0435954 0.815017 9.9991E-05
0.104558 0.0160773 0.0376371 0.833579 0.00814947
0.148562 0.0788625 9.9982E-05 0.772376 9.9982E-05
0.177222 0.0201331 0.00516549 0.779807 0.0176726
0.128684 0.0766024 9.9982E-05 0.794514 9.9982E-05
0.305861 9.9973E-05 9.9973E-05 0.693839 9.9973E-05
0.218056 9.9991E-05 0.0219133 0.757483 0.00244782
0.407857 9.9973E-05 9.9973E-05 0.591843 9.9973E-05
0.441803 9.9973E-05 9.9973E-05 0.557897 9.9973E-05
0.203487 0.0739923 9.9982E-05 0.722321 9.9982E-05
0.446147 9.9973E-05 9.9973E-05 0.553553 9.9973E-05
0.543322 9.9973E-05 9.9973E-05 0.456378 9.9973E-05
0.0560496 0.166713 0.0208034 0.756334 9.9991E-05
0.138045 0.0202975 9.9982E-05 0.841457 9.9982E-05
0.381862 9.9982E-05 0.013627 0.604311 9.9982E-05
0.171626 9.9982E-05 0.0745964 0.753577 9.9982E-05
0.168534 0.0214251 0.0111421 0.789519 0.0093806
0.060856 0.100635 0.0494987 0.774677 0.0143333
0.186377 0.0208044 9.9982E-05 0.792619 9.9982E-05
0.154344 0.0301111 9.9991E-05 0.804176 0.011269
0.106048 0.070802 0.00624944 0.8168 9.9991E-05
9.99729E-05 9.99729E-05 0.479493 9.99729E-05 0.520208
9.99729E-05 9.99729E-05 0.565842 9.99729E-05 0.433858
9.99729E-05 9.99729E-05 0.512409 9.99729E-05 0.487291
9.99729E-05 9.99729E-05 0.557235 9.99729E-05 0.442465
9.9991E-05 0.0696389 0.666956 0.00322602 0.260079
9.99729E-05 9.99729E-05 0.674951 9.99729E-05 0.324749
9.9973E-05 9.9973E-05 0.953909 9.9973E-05 0.045791
0.290178 9.9982E-05 0.00200146 0.70762 9.9982E-05
0.560902 9.9973E-05 9.9973E-05 0.438798 9.9973E-05
0.315745 9.9973E-05 9.9973E-05 0.683955 9.9973E-05
0.19914 0.00222074 9.9982E-05 0.79844 9.9982E-05
0.262341 9.9973E-05 9.9973E-05 0.737359 9.9973E-05
0.0764659 9.9991E-05 0.0532742 0.854073 0.0160872
0.27501 9.9973E-05 9.9973E-05 0.72469 9.9973E-05
0.0479075 0.0424308 0.0238781 0.861485 0.0242987
0.393038 9.9973E-05 9.9973E-05 0.606662 9.9973E-05
0.298524 9.9973E-05 9.9973E-05 0.701176 9.9973E-05
9.9982E-05 9.9982E-05 0.411532 0.00579966 0.582468
9.9982E-05 0.497182 0.28005 9.9982E-05 0.222568
9.9982E-05 0.28106 0.588711 9.9982E-05 0.130029
9.9991E-05 0.360423 0.503396 0.0239536 0.112127
9.9991E-05 0.565824 0.234096 0.00221617 0.197763
9.9982E-05 0.646036 0.162167 9.9982E-05 0.191597
9.9982E-05 0.0751692 9.9982E-05 0.0283574 0.896273
0.350863 0.0863955 9.9982E-05 0.562541 9.9982E-05
9.9991E-05 0.528044 0.307719 0.0249438 0.139194
0.0572916 0.587788 0.246494 9.9991E-05 0.108327
9.9982E-05 0.327844 0.260011 9.9982E-05 0.411945
9.99729E-05 0.75052 9.99729E-05 9.99729E-05 0.24918
9.9991E-05 0.660361 0.118805 0.0196464 0.201088
9.99729E-05 0.270016 9.99729E-05 9.99729E-05 0.729685
9.99729E-05 0.23838 9.99729E-05 9.99729E-05 0.76132
9.9982E-05 0.643193 0.198731 9.9982E-05 0.157876
9.9982E-05 0.295155 0.326659 9.9982E-05 0.377986
9.9982E-05 9.9982E-05 0.221072 0.00160121 0.777127
9.9982E-05 0.0828351 0.594269 9.9982E-05 0.322696
9.99729E-05 9.99729E-05 0.151166 9.99729E-05 0.848534
9.9982E-05 0.00545583 0.642379 9.9982E-05 0.351965
9.99729E-05 9.99729E-05 0.338537 9.99729E-05 0.661163
9.9982E-05 0.232739 0.694463 9.9982E-05 0.0725988
0.0281127 0.270811 0.604186 0.0821067 0.0147842
0.316271 9.9973E-05 9.9973E-05 9.9973E-05 0.683429
9.9982E-05 0.278923 0.0567536 9.9982E-05 0.664123
0.086803 9.9982E-05 9.9982E-05 0.0296383 0.883359
0.19079 0.25204 9.9991E-05 0.527001 0.0300686
0.0118632 0.252329 9.9982E-05 9.9982E-05 0.735608
0.115133 0.719598 9.9982E-05 0.16507 9.9982E-05
0.0791978 0.843282 0.0120247 0.0653955 9.9991E-05
9.9991E-05 0.266773 0.675058 0.0151331 0.0429359
0.0178625 0.709067 0.0134877 0.0171431 0.24244
9.9991E-05 0.589462 0.361893 0.0474122 0.00113256
9.9982E-05 0.474546 0.215456 9.9982E-05 0.309798
0.216842 0.495886 9.9991E-05 0.0240982 0.263074
0.143562 9.9991E-05 0.0202875 0.820512 0.0155387
0.0224373 0.706638 0.186602 9.9991E-05 0.0842222
9.9982E-05 0.54061 0.261044 9.9982E-05 0.198145
0.268988 9.9973E-05 9.9973E-05 0.730712 9.9973E-05
0.349083 9.9973E-05 9.9973E-05 0.650617 9.9973E-05
0.105922 9.9982E-05 9.9982E-05 0.864679 0.0291989
0.0611672 0.100121 0.0195912 0.81902 9.9991E-05
0.374773 9.9973E-05 9.9973E-05 0.624927 9.9973E-05
0.0468839 0.0717174 0.0866782 0.79044 0.00428088
0.115127 0.0139426 0.045154 0.825676 9.9991E-05
0.234498 9.9973E-05 9.9973E-05 0.765202 9.9973E-05
0.19421 9.9973E-05 9.9973E-05 0.80549 9.9973E-05
0.0555306 0.0131138 0.0664749 0.84204 0.0228402
0.0786505 0.0520098 0.0260354 0.8228 0.0205044
0.102126 0.0884824 0.00636405 0.802927 9.9991E-05
0.166557 9.9982E-05 0.0293319 0.803911 9.9982E-05
0.0873031 9.9982E-05 0.0842234 0.828274 9.9982E-05
0.0386969 0.14776 0.056195 0.757248 9.9991E-05
0.914037 9.99729E-05 9.99729E-05 0.0856632 9.99729E-05
0.661267 0.00573002 9.9991E-05 0.317245 0.0156582
0.821541 9.99729E-05 9.99729E-05 0.178159 9.99729E-05
0.223253 9.9982E-05 9.9982E-05 0.768167 0.00837958
0.456241 9.9973E-05 9.9973E-05 0.543459 9.9973E-05
0.555322 9.9982E-05 0.0114866 0.432992 9.9982E-05
0.407526 9.9973E-05 9.9973E-05 0.592174 9.9973E-05
0.12984 0.0739203 9.9982E-05 0.79604 9.9982E-05
9.9991E-05 0.0350316 0.0768606 0.850441 0.0375668
0.0628926 0.131112 0.163067 0.608881 0.0340481
0.0614389 0.139758 0.117944 0.663225 0.017634
0.872147 9.9973E-05 9.9973E-05 0.127553 9.9973E-05
0.00747387 0.107152 0.107318 0.77309 0.00496638
0.0539733 0.395225 0.233123 0.317579 9.9991E-05
9.9991E-05 0.639939 0.208343 0.114111 0.037507
0.00600347 0.591079 0.262473 0.140345 9.9991E-05
0.0201952 0.122135 0.136227 0.677308 0.0441354
0.0711448 0.125057 9.9982E-05 0.803599 9.9982E-05
0.00608541 0.0453167 0.0672711 0.860078 0.0212491
0.0510955 0.0638043 0.0574487 0.827552 9.9991E-05
0.0263244 0.0973173 0.0189864 0.840363 0.017009
0.0475575 0.0852991 0.00288077 0.864163 9.9991E-05
9.9982E-05 0.526022 0.450172 0.0236059 9.9982E-05
9.9982E-05 0.525927 0.23888 9.9982E-05 0.234993
9.9982E-05 0.391818 0.368975 9.9982E-05 0.239007
9.9982E-05 0.485134 0.474332 9.9982E-05 0.0403343
9.9991E-05 0.398914 0.525286 0.0257741 0.0499254
9.9982E-05 0.519452 0.342406 9.9982E-05 0.137942
9.9991E-05 0.598901 0.365747 0.00893174 0.026321
9.9982E-05 0.359081 0.443627 9.9982E-05 0.197092
9.9982E-05 0.349 0.19538 9.9982E-05 0.45542
9.9982E-05 0.393767 0.492686 9.9982E-05 0.113348
9.9973E-05 0.505446 0.494254 9.9973E-05 9.9973E-05
0.00718803 0.424995 0.53597 0.0173322 0.0145146
0.119664 0.0751487 0.0152756 0.789811 9.9991E-05
0.32594 0.00486065 9.9982E-05 0.668999 9.9982E-05
0.0582239 0.00105711 0.0575821 0.860172 0.0229654
0.762684 0.0160657 0.00535334 0.215797 9.9991E-05
0.143113 0.0310739 9.9991E-05 0.814259 0.0114542
0.312338 0.121841 0.0262749 0.539446 9.9991E-05
0.597202 0.121571 9.9982E-05 0.281026 9.9982E-05
0.436123 9.9973E-05 9.9973E-05 0.563577 9.9973E-05
0.9996 9.997E-05 9.997E-05 9.997E-05 9.997E-05
0.492199 0.0909343 9.9991E-05 0.388732 0.0280346
0.177206 0.05629 9.9982E-05 0.766304 9.9982E-05
0.264098 0.0237064 9.9982E-05 0.711996 9.9982E-05
